TC	svc_c1	svc_c2	svc_c3	svc_c4	svc_c5	svc_c6	svc_c7	svc_c8	svc_c9	svc_c10	svc_c11	svc_c12	svc_c13	svc_c14	svc_c15	svc_c16	svc_c17	svc_c18	svc_c19	svc_c20	svc_c21	svc_c22	svc_c23	svc_c24	svc_c25	svc_c26	svc_c27	svc_c28	svc_c29	svc_c30	svc_c31	svc_c32	svc_c33	svc_c34	svc_c35	svc_c36	svc_c37	svc_c38	svc_c39	svc_c40	svc_c41	svc_c42	svc_c43	svc_c44	svc_c45	svc_c46	svc_c47	svc_c48	svc_c49	svc_c50	svc_c51	svc_c52	svc_c53	svc_c54	svc_c55	svc_c56	svc_c57	svc_c58	svc_c59	svc_c60	svc_c61	svc_c62	svc_c63	svc_c64	svc_c65	svc_c66	svc_c67	svc_c68	svc_c69	svc_c70	svc_c71	svc_c72	soils_c1	soils_c2	soils_c3	soils_c4	soils_c5	soils_c6	soils_c7	soils_c8	soils_c9	soils_c10	soils_c11	slope_width
1	0	0	0	0	0.00115	0.00034	0.004	0.00545	0.00168	0.01295	0.02686	0	0	0	5e-05	0.00019	0.00101	0	0.00046	0.00046	0	0	0.00114	0.0015	0.00105	0.00925	0.00035	0.00301	0.01548	0	0	0	0	0	0	0.01961	0.02785	0.1319	0	0.00195	0.01938	0.0136	0.00515	0.01431	0.13098	0	3e-05	7e-05	0.00094	0	0.00422	0.00131	7e-05	0.00733	0	0.00278	0.00142	0	0.00408	0.09487	0.19725	0.00181	0.01834	0.01616	0.02153	0.00618	0.00965	0.16088	0	0	0	0	0	0.05241	0.00217	0.03179	0	0	0.36471	1e-04	0.01807	0.53077	0	0.043
2	0	0	0	0	0.00065	0	0.00829	0	0	1e-05	0.00798	0	0	0	0.00015	0	0	0	0	0.00187	0	0	0	0.00086	0.00224	0.00114	0	0	0.00581	0	0	0	0	0	0	0	0.0571	0.11449	0	0.00482	0.03832	0.00234	0	0.00695	0.13229	0	0.00181	4e-04	0	0	0.00137	0.00467	0	0.00356	0	0.00017	0.00328	0	0	0.1222	0.20494	0	0.01178	0.0067	0.00699	0.01104	0.02128	0.21447	0	0	0	0	0	0.01695	0.00202	0.01006	0	0	0.35629	0.00222	0.01305	0.59942	0	0.02765
3	0	0	0	0	4e-05	0	0.00828	0	0	0	0.00421	0	0	0	0	0	0	0	0	0.00266	0	0	0	0	0.00063	0	0	0	0.00791	0	0	0	0	0	0	0	0.05525	0.08923	0	0.00094	0.03651	0	0	0.01483	0.11621	0	0.00897	0	0	0	0.00536	0.00155	0	0.00795	0	0	0.00628	0	0	0.10881	0.22148	0	0.00483	0.01015	0.00381	0.03161	0.02383	0.2287	0	0	0	0	0	0.01253	0.00266	0.00855	0	0	0.31297	0.00897	0.02114	0.63316	0	0.0244
4	0	0	0	2e-05	0.00051	0.01031	0.0043	0	0.00307	0	0.02301	0	0	0.00028	0.00484	0.00027	0	0	0	0.00318	0	0.00216	0	0.01089	0	0	0.0048	0	0.02411	0	0	0	0	0	0	0	0.01208	0.10894	0	0.05186	0.02699	0	0.01682	0	0.13559	0	0	0	0	0	0.00167	0.01509	0.0048	0	0	0	0.00744	0	7e-05	0.08587	0.21241	0	0.05009	0.01381	0	0.01028	0	0.15447	0	0	0	0	0	0.04122	0.00856	0.04195	0	0	0.35227	0	0.029	0.52697	0	0.04024
5	0	0	0	0	0.00032	0.01915	0	0	0.0055	0	0.01534	0	0	0.00012	0.00898	0	0	0	0	0.00455	0	0	0.00031	0.00283	0	0	0	0	0.01141	0	0	0	0	0	0	0	0.02352	0.10767	0	0.05218	0.02574	0	0.01342	0	0.21161	0	0	0	0	0	0.00066	0.0206	0.00737	0	0	0	0.02134	0	0	0.06056	0.19994	0	0.02968	0.017	0	0	0	0.14018	0	0	0	0	0	0.04032	0.01365	0.01454	0	0	0.4341	0	0.04996	0.44735	0	0.02945
6	0	0	0	0	0	0.02396	0	0	0.0055	0	0.01642	0	0	0	0.00268	0	0	0	0	0.00679	0	0	0.00047	0.00434	0	0	0	0	0.01114	0	0	0	0	0	0	0	0.04943	0.08989	0	0.05029	0.02774	0	0.02205	0	0.2227	0	0	0	0	0	7e-05	0.01487	0.0088	0	0	0	0.02203	0	0	0.04301	0.20082	0	0.02892	0.01344	0	0	0	0.13468	0	0	0	0	0	0.04591	0.00947	0.01592	0	0	0.46203	0	0.04577	0.42088	0	0.02588
7	0	0	0.00263	0	0.00316	0.00818	0.00529	0.00145	0.01521	0.007	0.05256	0.00593	0	0	9e-05	0.0018	0	0	5e-05	0.00085	0	0.00011	0.00034	0.00184	0	0	0.00087	0	0.00471	0	0	0	0	0	0	0.03071	0.00646	0.20411	0	0.0593	0.09417	0.01074	0.07033	0.0184	0.25428	0.03158	0	0	0	0	0.00074	0.00125	0.00296	0	8e-05	9e-05	0.00225	0	0	0.00181	0.02603	0	0.02235	0.00013	0	0.00695	0	0.04319	0	0	0	0	0	0.10144	0.00279	0.00785	0	0	0.78007	0	0.00738	0.10045	0	0.04736
8	0	0	0.00153	0	0.00257	0.0219	0.00315	0.00025	0.03167	0.01031	0.04942	0.01217	0	2e-05	0.00087	0.00017	0	2e-04	0.00064	0.00299	0	4e-05	5e-04	5e-04	0	0	0.00202	0	0.00859	0	0	0	0	0	0	0.01453	0.00045	0.17666	0	0.07678	0.05469	0.00278	0.09268	0.02571	0.29265	0.022	0	0	0	0	0.0013	0.00254	0.0015	0	0.00029	0.00172	0.00308	0	0	0.00183	0.02523	0	0.00516	0.00164	0	0.00492	0	0.0423	5e-05	0	0	0	0	0.13296	0.0049	0.01165	0	0	0.75892	0	0.01043	0.08112	0	0.04103
9	0	0	0.00113	0	0.00063	0.03279	0.00183	0	0.02715	0.00948	0.05002	0.006	0	0	0	0	0	0	0	0.0075	0	0	0.00054	0	0	0	0	0	0.01363	0	0	0	0	0	0	0.00733	0	0.16035	0	0.07306	0.02956	0	0.08546	0.02471	0.34148	0.01858	0	0	0	0	0.0041	0	0.00256	0	0	0.002	0.00748	0	0	0.00031	0.04304	0	0.00379	0	0	0.00115	0	0.04402	0.00027	0	0	0	0	0.12908	0.0075	0.01417	0	0	0.74054	0	0.01613	0.09258	0	0.02423
10	0	0	0	0.00154	0.00168	0.03041	0.00619	0	0.01301	0.0095	0.06931	0.00036	0	0	0	0	0	0.00046	0	0.00013	0	0	0	0.00018	0	0	0.00183	0	0.00227	0	0	0	0	0	0	0.03178	0.00888	0.08425	0	0.11848	0.10166	0.00413	0.0227	0.01578	0.39666	0.01916	0	0	0	0	0.00672	0.00023	0.00195	0	0.00016	0	0.00448	0	0	0.00529	0.00883	0	0.00142	0.0024	0	0.00378	0	0.02441	0	0	0	0	0	0.13198	0.00059	0.00428	0	0	0.80352	0	0.01353	0.04613	0	0.04775
11	0	0	0.0014	0.00049	0.00287	0.03768	0.00428	4e-05	0.01628	0.00478	0.07013	0.00555	5e-05	0	0.00139	0	0	6e-04	0	0.00115	0	6e-05	0.00012	0.00095	0.00191	0	0.00183	0	0.00225	0	0	0	0	0	0	0.0126	0.01459	0.08981	0	0.1539	0.07873	0.00153	0.02801	0.00224	0.36659	0.0089	0	0	0	0.00284	0.00216	0.0131	0.00259	0	0.00117	0	0.00501	0	0	0.00418	0.01392	0	0.00455	0.00965	0	0.00249	0	0.02761	0	0	0	0	0	0.14348	0.00319	0.00713	0	0	0.75691	0	0.02686	0.06238	0	0.04856
12	0	0	0.00249	0	0.00238	0.04271	0.00325	0	0.017	0.00023	0.08759	0.00343	0.00016	0	0.01378	0	0	0	0	0.00054	0	0	0.00087	0.00148	0.00202	0	0.00037	0	0.00635	0	0	0	0	0	0	0.00444	0.0113	0.11251	0	0.17548	0.05127	0.00073	0.03136	0	0.31939	0.00258	0	0	0	0.00137	5e-05	0.02887	0.00013	0	0.00059	0	0.00371	0	0	0.00285	0.01426	0	0.00614	0.01342	0	0.00076	0	0.03417	0	0	0	0	0	0.15907	0.01448	0.0111	0	0	0.70905	0	0.03471	0.07161	0	0.03253
13	0	0	0	0	0	0.01356	0.03639	0	0.00984	0.00872	0.051	0	0	0.00048	0	0.00392	0	0.00086	0	0.00296	0	0	0.00096	0.01331	0.00979	0	0.00547	0.02443	0.01381	0	0	0	0	0	0	0	0	0.03035	0	0.06211	0.14469	0	0.04043	0.01213	0.1524	0	0	0	0	0	0.00042	0	0.0159	0	0.00223	0	0.0045	0	0	0.0028	0.06511	0	0.01121	0.05594	0	0.01013	0.04223	0.15194	0	0	0	0	0	0.11948	0.0082	0.06777	0	0	0.44216	0	0.02305	0.33929	0	0.05009
14	0	0	0	0	0.00045	0.02306	0.00978	0	0.0215	0.01404	0.07682	0	0	0	0	0.00273	0	0.00062	0	0	0	0	0.00157	0.01778	0.01401	0	0.00975	0.03061	0.01855	0	0	0	0	0	0	0	0.00203	0.03405	0	0.04959	0.0685	0	0.0325	0.02216	0.13543	0	0	0	0	0	5e-05	0	0.0319	0	0.00111	0	0.00334	0	0	0.0127	0.04869	0	0.00958	0.10097	0	0.02852	0.05763	0.12012	0	0	0	0	0	0.14562	0.00335	0.09223	0	0	0.34429	0	0.0364	0.37822	0	0.04721
15	0	0	0	0	0.00367	0.00835	0	0	0.02501	0.00812	0.04861	0	0	0	0	0.00026	0	0.01381	0	0	0	0	0.01082	0.0308	0.01087	0	0.00652	0.02607	0.0342	0	0	0	0	0	0	0	0.00115	0.02374	0	0.02333	0.00094	0	0.03723	0.01933	0.16546	0	0	0	0	0	0	0	0.01704	0	0.00668	0	0.00107	0	0	0.02175	0.05911	0	0.0375	0.13156	0	0.02798	0.06739	0.13161	0	0	0	0	0	0.09379	0.01407	0.11927	0	0	0.27121	0	0.02479	0.47694	0	0.03506
16	0	0	0.00244	0	0.00014	0.03014	0.00243	0	0.00541	0	0.05674	0.00118	0	0	0	0	0	0	0	0	0	0	0	0.00437	0	0	0	0	0.00752	0	0	0	0	0	0	0.02214	0	0.07362	0	0.12998	0.14825	0	0.00397	0	0.39235	0.04001	0	0	0	0	0.00291	0	0	0	0	0	0	0	0	0	0.00364	0	0.03338	0	0	0	0	0.03937	0	0	0	0	0	0.09848	0	0.01189	0	0	0.81037	0	0.00291	0.0764	0	0.03985
17	0	0	0.01185	0	0.00105	0.02744	0.01421	0	0.00803	0	0.12337	0.00435	0	0	0.00407	0.00322	0	0	0	0.00138	0	0	0	0.0026	0.00248	0	0	0	0.0057	0	0	0	0	0	0	0.04552	0	0.07371	0	0.09755	0.09424	0	0.00409	0	0.38668	0.0214	0	0	0	0	0.00188	0.00412	0.00493	0	0	0	0.00279	0	0	0	0.00977	0	0.01673	0.00824	0	0	0	0.01853	0	0	0	0	0	0.19034	0.00868	0.0108	0	0	0.72321	0	0.01371	0.05328	0	0.04442
18	0	0	0.00312	0	0.00191	0.02235	0.01154	0	0.00336	0	0.20995	0	0	0	0.00227	0.01508	0	0	0	0.00536	0	0	0	0.00032	0.00092	0	0	0	0.02068	0	0	0	0	0	0	0.05889	0	0.09238	0	0.09401	0.04098	0	0.00065	0	0.30709	3e-05	0	0	0	0	0	0.0251	0.01667	0	0	0	0.01646	0	0	0	0	0	0.00903	0.01091	0	0	0	0.03092	0	0	0	0	0	0.25224	0.02271	0.02192	0	0	0.59409	0	0.05822	0.05086	0	0.03497
19	0	0	0	0	0	0.02872	0.00215	0	0	0.009	0.00497	0	0	0	0.00632	0	0	0	0	0	0	0	0	0.04746	0.0094	0	0	0	0.05455	0	0	0	0	0	0	0	0	0	0	0.15047	0.09681	0	0	0.00648	0.07624	0	0	0	0	0	0	0.01929	0.034	0	0	0	0.00026	0	0	0	0	0	0.15648	0.15962	0	0	0	0.13785	0	0	0	0	0	0.04482	0.00632	0.11141	0	0	0.33001	0	0.05355	0.45389	0	0.03379
20	0	0	0	0	0	0.04766	0.03093	0	0.00249	0	0.00741	0	0	0	0.01063	0	0	0	0	0	0	0	0	0.03097	0.03967	0	0.03011	0	0.04808	0	0	0	0	0	0	0	0	0	0	0.1606	0.0678	0	0.00062	0	0.0333	0	0	0	0	0	0	0.04305	0.00019	0	0	0	0	0	0	0	0	0	0.15065	0.07672	0	0.0242	0	0.19497	0	0	0	0	0	0.08848	0.01063	0.14886	0	0	0.26233	0	0.04324	0.44649	0	0.02389
21	0	0	0	0	0	0.13499	0.00367	0	0	0	0	0	0	0	0	0	0	0	0	0	0	0	0	0.01678	0	0	0.11569	0	0.01188	0	0	0	0	0	0	0	0	0	0	0.23616	0.02663	0	0.00124	0	0.03342	0	0	0	0	0	0	0.0175	0	0	0	0	0	0	0	0	0	0	0.06559	0.01404	0	0.04287	0	0.27957	0	0	0	0	0	0.13866	0	0.1444	0	0	0.29746	0	0.0175	0.40206	0	0.01679
22	0	0	0	0	0	0.01497	0	0	0	0	0.06251	0	0	0	0	0	0	0	0	0	0	0	0	0	0	0	0	0	0	0	0	0	0	0	0	0	0	0	0	0.37925	0	0	0	0	0.47882	0	0	0	0	0	0	0	0	0	0	0	0.01742	0	0	0	0	0	0.03449	0	0	0	0	0.01263	0	0	0	0	0	0.07744	0	0	0	0	0.85808	0	0.01742	0.04711	0	0.03052
23	0	0	0	0	0	0.06349	0	0	0.00058	8e-05	0.12026	0	0	0	0.00018	0	0	0	0	0.00014	0	0	0	0.00647	0	0	0.00117	0.00308	0.04551	0	0	0	0	0	0	0	0	0	0	0.27713	0.02161	0	0.00247	0	0.36021	0	0	0	0	0	0	0.01586	0.00064	0	0	0	0.00198	0	0	0	0	0	0.03964	0	0	0	0.00975	0.02973	0	0	0	0	0	0.1844	0.00032	0.05622	0	0	0.66141	0	0.01848	0.07914	0	0.02861
24	0	0	0	0	0	0.06467	0	0	0.02129	0.00587	0.1415	0	0	0	0	0	0	0	0	0	0	0	0	0.01821	0	0	0.00518	0.00431	0.20816	0	0	0	0	0	0	0	0	0	0	0.15913	0.06182	0	0.03379	0.00977	0.1501	0	0	0	0	0	0	0	0.00635	0	0	0	0	0	0	0	0	0	0.03831	0	0	0	0.0317	0.04008	0	0	0	0	0	0.23323	0	0.23584	0	0	0.41452	0	0.00635	0.11003	0	0.02467
25	0	0	0	0	0	0.10206	0	0	0	0.01618	0.00986	0	0	0	0	0	0	0	0.00628	0.00077	0	0	0	0.00384	0	0	0	0.00837	0.08709	0	0	0	0	0	0	0	0	0	0	0.16389	0	0	0	0.04883	0.08803	0	0	0	0	0	0	0.01603	0	0	0	0.06618	0.0093	0	0	0	0	0	0.02146	0	0	0	0.08514	0.26694	0	0	0	0	0	0.12804	0.00705	0.0993	0	0	0.30061	0	0.09151	0.37359	0	0.02455
26	0	0	0	0	0	0.03729	0	0	0	0.02011	0.00086	0	0	0	0.00475	0	0	0	0.00137	0	0	0	0	0.04601	0	0	0.04604	0.0034	0.3331	0	0	0	0	0	0	0	0	0	0	0.07967	0	0	0	0.06014	0.00869	0	0	0	0	0	0	0.0866	0	0	0	0.00811	0	0	0	0	0	0	0.13577	0	0	0.0196	0.0169	0.09176	0	0	0	0	0	0.05823	0.00612	0.42852	0	0	0.14846	0	0.0947	0.26408	0	0.01946
27	0	0	0	0	0	0	0	0	0	0	0	0	0	0	0.01871	0	0	0	0	0	0	0	0	0.03861	0	0	0.18304	0.00532	0.08718	0	0	0	0	0	0	0	0	0	0	0	0	0	0	0	0	0	0	0	0	0	0	0.26571	0	0	0	0	0	0	0	0	0	0	0.10861	0	0	0.12032	0.06289	0.10946	0	0	0	0	0	0	0.01871	0.31411	0	0	0	0	0.26571	0.40146	0	0.01721
28	0	0	0	0	0	0.0527	0.00581	0	0.01437	0.03203	0.0503	0.00326	0	0	0	0	0	0	0	0	0	0	0	0	0.00452	0	0.02376	0.01386	0	0	0	0	0	0	0	0	0	0	0	0.16432	0.18609	0	0.03752	0.12972	0.15879	0.02107	0	0	0	0	0	0.01195	0	0	0	0	0	0	0	0	0	0	0.01648	0.01775	0	0.02486	0.02481	0.00603	0	0	0	0	0	0.15853	0	0.04213	0	0	0.69737	0	0.01195	0.08997	0	0.0365
29	0	0	0	0	0	0.05747	0.00671	0	0.00336	0.03733	0.1354	0	0	0	0.0039	0	0	0	0.02211	0.01885	0	0	0	0.01109	0.00335	0	0.02071	0.00398	0.00693	0	0	0	0	0	0	0	0	0	0	0.13746	0.08597	0	0.01568	0.06812	0.21762	0.00016	0	0	0	0	0	0.03112	0	0	0	0.00748	0.02019	0	0	0	0	0	0.00961	0.02645	0	0.00533	0.02765	0.01598	0	0	0	0	0	0.24029	0.04485	0.04606	0	0	0.52503	0	0.05878	0.08498	0	0.03372
30	0	0	0	0	0	0.04933	0.00283	0	0	0.06517	0.15917	0	0	0	0	0	0	0	0.04433	0.049	0	0	0	0.0505	0	0	0	0	0.01367	0	0	0	0	0	0	0	0	0	0	0.09367	0.0815	0	0.00733	0.01	0.21633	0	0	0	0	0	0	0.08	0	0	0	0	0.023	0	0	0	0	0	0.01	0.02883	0	0.01033	0	0.00483	0	0	0	0	0	0.27667	0.09333	0.06417	0	0	0.40867	0	0.103	0.054	0	0.02317
31	0	0	0	0	0	0	0.00592	0	0.00688	0	0.06938	0	0	0	0	0.00105	0	0.0299	0	0	0	0	0	0.00698	0.00698	0	0.03325	0	0	0	0	0	0	0	0	0	0	0	0	0.00505	0.05601	0	0.02514	0	0.4658	0	0	0	0	0	0	0	0.05804	0	0	0	0	0	0	0	0	0	0.03016	0.05659	0	0.01171	0	0.13149	0	0	0	0	0	0.08205	0.03095	0.04722	0	0	0.55188	0	0.05804	0.22984	0	0.04304
32	0	0	0	0	0	0	0.00089	0	0.01364	0	0.06021	0	0	0	0	0.00584	0	0.05216	0	0	0	0	0	0	0.00298	0	0.05516	0	0.06627	0	0	0	0	0	0	0	0	0	0	0.01164	0.00421	0	0.01761	0	0.365	0	0	0	0	0	0	0	0.07258	0	0.01855	0	0	0	0	0	0	0	0.0263	0.00944	0	0.04251	0	0.1752	0	0	0	0	0	0.07473	0.05799	0.12441	0	0	0.39841	0	0.09113	0.25345	0	0.03976
33	0	0	0	0	0	0	0	0	0.00304	0	0.07004	0	0	0	0	0	0	0.01056	0	0.00372	0	0	0	0	0.0044	0	0.09154	0	0.49451	0	0	0	0	0	0	0	0	0	0	0.00117	0	0	0.00259	0	0.08166	0	0	0	0	0	0	0	0.021	0	0.00185	0	0.00132	0	0	0	0	0	0.00103	0.00801	0	0.03354	0	0.17006	0	0	0	0	0	0.07308	0.01428	0.59043	0	0	0.08543	0	0.0242	0.2126	0	0.02587
34	0	0	0	0	0	0.0839	0	0	0	0.00733	0.03604	0	0	0	0.00504	0	0	0	0	0.02718	0	0	0	0.04362	0	0	0	0.18766	0.0188	0	0	0	0	0	0	0	0	0.02852	0	0.16316	0	0	0	0.01694	0.07383	0	0	0	0	0	0	0.00807	0	0	0	0	0.03775	0	0	0	0.049	0	0.06828	0	0	0	0.09122	0.0535	0	0	0	0	0	0.1273	0.03218	0.25019	0	0	0.28254	0	0.04585	0.26203	0	0.04126
35	0	0	0	0	0	0.06247	0	0	0	0.03141	0.05465	0	0	0	0.00781	0	0	0.00069	0	0.03159	0	0	0.00323	0.02464	0	0	0.00067	0.16273	0.03411	0	0	0	0	0	0	0	0	0.00858	0	0.11279	0	0	0	0.0459	0.06958	0	0	0	0	0	0	0.00543	0	0	0.00046	0	0.05703	0	0	0	0.01575	0	0.04939	0	0	0	0.20014	0.02125	0	0	0	0	0	0.14849	0.04007	0.22532	0	0	0.23686	0	0.06289	0.28644	0	0.03614
36	0	0	0	0	0	0.04467	0	0	0	0.006	0.03667	0	0	0	0	0	0	0	0	0.07767	0	0	0	0.01967	0	0	0.01	0.237	0.03233	0	0	0	0	0	0	0	0	0	0	0.10633	0	0	0	0.032	0	0	0	0	0	0	0	0.00667	0	0	0	0	0.086	0	0	0	0	0	0.00433	0	0	0	0.21667	0.084	0	0	0	0	0	0.08733	0.07767	0.299	0	0	0.13833	0	0.09267	0.305	0	0.022
37	0	0	0	0	0	0.01542	0	0.11756	0	0.01044	0.00384	0	0	0	0.00254	0	0.01246	0	0	0	0	0	0	0.1024	0	0.0444	0	0.05172	0.03234	0	0	0	0	0	0	0	0	0	0	0.05749	0	0.07714	0	0.00732	0.01008	0	0	0	0	0	0	0.00538	0	0.01804	0	0.00061	0	0	0	0	0	0	0.07954	0	0.05409	0	0.01015	0.2871	0	0	0	0	0	0.14727	0.01499	0.23083	0	0	0.15195	0	0.02406	0.43087	0	0.04671
38	0	0	0	0	0	0.09552	0	0.00165	0	0.01196	0	0	0	0	0.01786	0	0.00444	0	0.00392	0	0	0	0	0.1263	0	0.01027	0	0.00666	0.01481	0	0	0	0	0	0	0	0	0	0	0.17826	0	0.01411	0	0.04081	0	0	0	0	0	0	0	0.00861	0	0.00011	0	0.00506	0	0	0	0	0	0	0.12699	0	0.00753	0	0.00666	0.31852	0	0	0	0	0	0.10909	0.02626	0.158	0	0	0.23322	0	0.01377	0.45971	0	0.03632
39	0	0	0	0	0	0.094	0	0	0	0.00356	0.02697	0	0	0	0	0	0	0	0.00247	0	0	0	0	0.1285	0	0	0	0	0.00415	0	0	0	0	0	0	0	0	0	0	0.18121	0	0	0	0.01238	0	0	0	0	0	0	0	0	0	0	0	0.00228	0	0	0	0	0	0	0.21516	0	0	0	0	0.32918	0	0	0	0	0	0.12453	0.00247	0.13266	0	0	0.19359	0	0.00228	0.54434	0	0.0193
40	0	0	0	0	0	0	0	0	0	0	0.08965	0	0	0	0	0	0	0	0	0	0	0	0	0	0	0	0	0	0.11276	0	0	0	0	0	0	0	0	0	0	0	0	0	0	0	0.49525	0	0	0	0	0	0	0	0	0	0	0	0	0	0	0	0	0	0	0	0	0	0	0.30213	0	0	0	0	0	0.08965	0	0.11276	0	0	0.49525	0	0	0.30213	0	0.04262
41	0	0	0	0	0	0	0	0	0	0	0.10321	0	0	0	0	0	0	0	0	0	0	0	0	0	0	0	0	0	0.04816	0	0	0	0	0	0	0	0	0	0	0	0	0	0.01908	0	0.4865	0	0	0	0	0	0	0	0	0	0	0	0	0	0	0	0	0	0	0	0	0.02024	0	0.32265	0	0	0	0	0	0.10321	0	0.04816	0	0	0.50562	0	0	0.34294	0	0.02792
42	0	0	0	0	0	0	0	0	0	0	0.11657	0	0	0	0	0	0	0	0	0	0	0	0	0	0	0	0	0	0.05667	0	0	0	0	0	0	0	0	0	0	0	0	0	0	0	0.5412	0	0	0	0	0	0	0	0	0	0	0	0	0	0	0	0	0	0	0	0	0.07401	0	0.2113	0	0	0	0	0	0.11657	0	0.05667	0	0	0.5412	0	0	0.28556	0	0.01533
43	0	0	0	0	0	0.06148	0	0.00719	0.03991	0.03215	0	0	0	0	0	0	0	0	0	0	0	0	0	0.00045	0	0	0	0.00172	0.00531	0	0	0	0	0	0	0	0	0	0	0.4431	0	0.01516	0.04571	0.16584	0.0494	0	0	0	0	0	0	0	0	0	0	0	0	0	0	0	0	0	0.06944	0	0	0	0.01788	0.0453	0	0	0	0	0	0.14074	0	0.00749	0	0	0.7192	0	0	0.13256	0	0.03729
44	0	0	0	0	0	0.07621	0	0.00157	0.03435	0.05418	0	0	0	0	0	0	0	0	0	0	0	0	0	0.01143	0	0	0	0.00497	0.00016	0	0	0	0	0	0	0	0	0	0	0.44091	0	0.008	0.04132	0.15446	0.08232	0	0	0	0	0	0	0	0	0	0	0	0	0	0	0	0	0	0.06708	0	0.00052	0	0.00497	0.01752	0	0	0	0	0	0.16633	0	0.01657	0	0	0.72703	0	0	0.09005	0	0.04544
45	0	0	0	0	0	0.06988	0	0	0.01737	0.0703	0.00363	0	0	0	0	0	0	0	0	0	0	0	0	0.00527	0	0	0	0.00091	0	0	0	0	0	0	0	0	0	0	0	0.46272	0	0.00018	0.04203	0.17515	0.09637	0	0	0	0	0	0	0	0	0	0	0	0	0	0	0	0	0	0.05166	0	0.00011	0	0.00451	0	0	0	0	0	0	0.16118	0	0.00615	0	0	0.77642	0	0	0.05629	0	0.03922
46	0	0	0	0	0	0.03158	0.06778	0	0	0.0208	0.1957	0	0	0	0	0.0046	0	0	0.00063	0	0	0	0	0.00021	0.00646	0	0	0	0.00152	0	0	0	0	0	0	0	0	0	0	0.15807	0.11779	0	0	0.05744	0.24912	0	0	0	0	0	0	0	0.03131	0	0	0.00111	0.03166	0	0	0	0	0	0.00585	0.00928	0	0	0	0.00907	0	0	0	0	0	0.31586	0.00523	0.00819	0	0	0.58247	0	0.06408	0.0242	0	0.03815
47	0	0	0	0	0	0.09151	0.01981	0	0	0.03272	0.26884	0	0	0	0.00496	0.00377	0	0	0.00992	0.00331	0	0	0	0.0359	0.00229	0	0	0.01112	0.02992	0	0	0	0	0	0	0	0	0	0	0.08107	0.05547	0	0	0.02864	0.19599	0	0	0	0	0	0	0.02303	0.02309	0	0	0.00267	0.01536	0	0	0	0	0	0.02441	0.00356	0	0	0.0042	0.02845	0	0	0	0	0	0.41288	0.02196	0.07923	0	0	0.36117	0	0.06414	0.06063	0	0.0331
48	0	0	0	0	0	0.12258	0	0	0	0.00117	0.33842	0	0	0	0.002	0	0	0	0.03533	0.005	0	0	0	0.06725	0	0	0	0.00758	0.06775	0	0	0	0	0	0	0	0	0	0	0.02867	0.00283	0	0	0.00542	0.17817	0	0	0	0	0	0	0.02517	0	0	0	0.00567	0.01483	0	0	0	0	0	0.02708	0	0	0	0.00517	0.05967	0	0	0	0	0	0.46225	0.04242	0.14258	0	0	0.21508	0	0.04567	0.09192	0	0.02483
49	0	0	0	0	0	0.03187	0.01063	0	0	0	0.03591	0	0	0	0	0	0	0	0	0	0	0	0	0.07654	0.00691	0	0	0	0.1026	0	0	0	0	0	0	0	0	0	0	0.11068	0.06774	0	0	0	0.06772	0	0	0	0	0	0	0.00278	0	0	0	0	0	0	0	0	0	0	0.08843	0.02709	0	0	0	0.37091	0	0	0	0	0	0.0784	0	0.18608	0	0	0.24619	0	0.00278	0.48641	0	0.02177
50	0	0	0	0	0	0.02844	0	0	0	0	0.04988	0	0	0	0	0	0	0	0	0	0	0	0	0.05334	0	0	0	0	0.11979	0	0	0	0	0	0	0	0	0	0	0.0988	0.0633	0	0	0	0.20979	0	0	0	0	0	0	0	0	0	0	0	0	0	0	0	0	0	0.02798	0	0	0	0	0.34842	0	0	0	0	0	0.07839	0	0.17314	0	0	0.37214	0	0	0.37633	0	0.02244
51	0	0	0	0	0	0.041	0	0	0	0	0.0805	0	0	0	0	0	0	0	0	0	0	0	0	0.0405	0	0	0	0	0.0945	0	0	0	0	0	0	0	0	0	0	0.0955	0.006	0	0	0	0.1645	0	0	0	0	0	0	0	0	0	0	0	0	0	0	0	0	0	0.094	0	0	0	0	0.383	0	0	0	0	0	0.1215	0	0.1355	0	0	0.2665	0	0	0.4765	0	0.021
52	0	0	0	0	0.00041	0.00512	0.03885	0	0.00535	0.00985	0.01736	0	0	0	0.00086	0.01779	0	0.01212	0.00031	0.00832	0	0	0	0.00017	0.02684	0	0.01402	0.02725	0.03865	0	0	0	0	0	0	0	0	0.00252	0	0.02288	0.20969	0	0.00439	0.04362	0.13376	0	0	0	0	0	0	0.007	0.0427	0	0.01389	0.00182	0.02938	0	0	0	0	0	0.00546	0.10061	0	0.01851	0.05368	0.08689	0	0	0	0	0	0.07695	0.0394	0.1069	0	0	0.41683	0	0.09482	0.26516	0	0.03733
53	0	0	0	0	0	0.00026	0.01233	0	3e-04	0.01805	0.08347	0	0	0	0	0.00927	0	0.01882	0.00949	0.00755	0	0	0	0	0.01226	0	0.08017	0.03585	0.08116	0	0	0	0	0	0	0	0	0.00722	0	0.00128	0.07949	0	0.00075	0.02181	0.08684	0	0	0	0	0	0	0	0.02664	0	0.03084	0.0282	0.01831	0	0	0	0	0	0.00012	0.06237	0	0.06517	0.06426	0.13764	0	0	0	0	0	0.11443	0.04515	0.20947	0	0	0.19739	0	0.10401	0.32961	0	0.02758
54	0	0	0	0	0	0	0	0	0	0.0353	0.18553	0	0	0	0	0	0	0.01768	0.00505	0.00807	0	0	0	0	0.0015	0	0.10779	0.02583	0.13579	0	0	0	0	0	0	0	0	0.00405	0	0	0.01409	0	0	0.0269	0.08595	0	0	0	0	0	0	0	0	0	0.01618	0.06593	0.02362	0	0	0	0	0	0	0.00585	0	0.0916	0.01488	0.12856	0	0	0	0	0	0.22083	0.03084	0.27091	0	0	0.131	0	0.10573	0.24092	0	0.02233
55	0	0	0	0	0	0.01767	0.00878	0	0.014	0.03567	0.09387	0	0	0	0	0.0143	0	0.00097	0	0	0	0	0	0	0.04206	0	0	0.05098	0.01165	0	0	0	0	0	0	0	0	0	0	0.1887	0.08384	0.01647	0.04769	0.08693	0.07978	0	0	0	0	0	0	0	0.05394	0	0.01163	0	0	0	0	0	0	0	0	0.11195	0	0.02025	0.00359	0.00527	0	0	0	0	0	0.17006	0.0152	0.10469	0	0	0.50347	0	0.06558	0.14105	0	0.03175
56	0	0	0	0	0	0.11843	0.0051	0	0.05375	0.07166	0.13462	0	0	0	0.03847	0.00685	0	0.06763	0	0.00588	0	0	0	0.00684	0.02716	0	0.00709	0.00877	0.01824	0	0	0	0	0	0	0	0	0	0	0.08641	0.01697	0	0.00937	0.02951	0.1114	0	0	0	0	0	0	0.02298	0.03203	0	0.02854	0	0.00795	0	0	0	0	0	0.01222	0.04688	0	0.00643	0.00498	0.01387	0	0	0	0	0	0.3835	0.11882	0.06809	0	0	0.25369	0	0.09151	0.08438	0	0.03654
57	0	0	0	0	0	0.12119	0	0	0.043	0.06697	0.12094	0	0	0	0.04573	0	0	0.10288	0	0.00272	0	0	0	0.00795	0.0083	0	0	0	0.03652	0	0	0	0	0	0	0	0	0	0	0.10556	0.00423	0	0.02127	0.01458	0.12727	0	0	0	0	0	0	0.02121	0	0	0.03024	0	0.01884	0	0	0	0	0	0.01681	0.02647	0	0	0	0.05742	0	0	0	0	0	0.3521	0.15133	0.05278	0	0	0.27289	0	0.07029	0.10061	0	0.03244
58	0	0	0.00047	5e-05	0.00407	0.00522	0.00365	0	0.01028	0.01549	0.02734	0.00216	0	4e-05	0	0	0	0	0	0	0	0	0.00048	0	0	0	6e-05	0.00059	0.00215	8e-05	0	0	0	0	0	0.0209	0.00777	0.39577	0.00177	0.01229	0.08896	0	0.03411	0.08897	0.17107	0.01556	0	0	0	0	0.00965	0	0.00168	0	0.00051	0.00079	0.00317	0	0	0.00307	0.05382	0.0013	0	0.0022	0	1e-04	0.00444	0.00788	0.00207	0	0	0	0	0.06872	4e-05	0.00336	0	0	0.83719	0	0.0158	0.07487	0	0.04222
59	0	0	0.00042	0	0.00455	0.00993	0.00179	0	0.0185	0.02453	0.03731	0.01241	0	9e-05	0	0.00174	0	0.00012	0.0025	5e-05	0	0	0.00037	0	3e-05	0	0.00027	0.00533	0.00582	0.00113	0	0	0	0	0	0.00829	0.01146	0.33818	0	0.01441	0.068	6e-05	0.02673	0.08403	0.19898	0.019	0	0	0	0	0.01786	0	0.00433	0	0.00059	0.002	0.00438	0	0	0.00187	0.05123	3e-05	0	0.00064	0	0.0026	0.0069	0.01027	0.00124	0	0	0	0	0.10943	0.0045	0.01296	0	0	0.76919	0	0.02914	0.07477	0	0.03989
60	0	0	0	0	0.00945	0.01192	0.00361	0	0.01035	0.03296	0.04353	0.01569	0	0	0	0.00032	0	8e-05	0.00484	0.00738	0	0	0.00023	0	8e-04	0	0	0.00559	0.02017	0.00018	0	0	0	0	0	2e-04	0.0191	0.31432	0	0.02202	0.05192	0	0.01626	0.09184	0.19906	0.01307	0	0	0	0	0.01339	0	0.0053	0	0.00055	0.00715	0.02021	0	0	0.00323	0.01522	0	0	0.00361	0	0.00123	0.00493	0.03025	1e-04	0	0	0	0	0.12748	0.01262	0.02696	0	0	0.72776	0	0.0466	0.0586	0	0.02996
61	0	0	0	0	0	0.28885	0.00239	0.06593	0	0.10538	0.06688	0.00221	0	0	0.00235	0	0	0	0.00904	0.01825	0	0	0	0.04046	0	0.00084	0	0.00359	0.00186	0	0.02951	0	0.00788	0	0	0	0	0	0	0.18346	0.00511	0.02128	0	0.08237	0.01357	0	0	0	0	0	0	3e-04	0	0	0	0.00421	0.00092	0	0	0	0	0	0.01978	0	0.00022	0	0.00701	0.00055	0	0.01355	0	0.00227	0	0.53163	0.02963	0.04675	0.0374	0	0.30578	0	0.00542	0.02756	0.01582	0.03229
62	0	0	0	0	0	0.31403	0.00051	0.02463	0	0.09146	0.08098	0.03497	0	0	0.00729	0	0	0	0.01425	0.03833	0	0	0	0.0321	0	0	0	0.00196	0.00266	0	0.05742	0	0.02064	0	0	0	0	0	0	0.14019	0.00191	0.02787	0	0.04606	0.02193	0.00203	0	0	0	0	0	0.00167	0	0	0	0.005	0.00144	0	0	0	0	0	0.0231	0	0	0	0.00171	0	0	0.00452	0	0.00131	0	0.54661	0.05987	0.03671	0.07807	0	0.24	0	0.00811	0.02482	0.00583	0.03104
63	0	0	0	0	0	0.27075	0	0.02484	0	0.06343	0.07101	0.06101	0	0	0.02371	0	0	0	0.01091	0.04124	0	0	0	0.02206	0	0	0	0.00275	0.01669	0	0.04227	0	0.04847	0	0	0	0	0	0	0.18276	0	0.01476	0	0.03388	0.02453	0.02142	0	0	0	0	0	0.00116	0	0	0	0.00149	0.00117	0	0	0	0	0	0.00883	0	0	0	0.00177	0	0	0.00066	0	0.0084	0	0.49105	0.07588	0.04148	0.09074	0	0.27732	0	0.00382	0.01063	0.00906	0.02556
64	0	0	0	0	0	0.27369	0	0.07136	0.01218	0.11906	0.01692	0	0	0	0.00408	0	0.00616	0.00057	0.0011	0.00013	0	0	0	0.02331	0	0.02016	0.00374	0.02535	0	0	0.00785	0	0	0	0	0	0	0	0	0.17449	0	0.0484	0.03159	0.0686	0.01206	0	0	0	0	0	0	0.01183	0	0.00017	0	0.00017	0.00071	0	0	0	0	0	0.01245	0	0.01069	0.00461	0.01682	0	0	0.0217	0	0	0	0.49323	0.01203	0.07261	0.00785	0	0.33512	0	0.01289	0.04458	0.0217	0.03139
65	0	0	0	0	0	0.2468	0	0.07007	0.02072	0.1493	0.06301	0.13515	0	0	0.003	0	0.00869	0.01372	0.00226	0.02215	0	0	0	0.00569	0	0.00064	0.00488	0.00699	0	0	0.00223	0	0	0	0	0	0	0	0	0.07057	0	0.0351	0.00378	0.06408	0.02487	0.02398	0	0	0	0	0	0.002	0	0.00185	0.00166	0	0.00464	0	0	0	0	0	0.00638	0	9e-04	0.00172	0.00101	0	0	0.00215	0	0	0	0.68504	0.04981	0.01821	0.00223	0	0.22234	0	0.01017	0.01001	0.00215	0.03029
66	0	0	0	0	0	0.09993	0	0.01818	0.01792	0.20119	0.09219	0.25764	0	0	0	0	0	0.00436	0	0.0464	0	0	0	0	0	0	0	0	0	0	0	0	0	0	0	0	0	0	0	0.02855	0	0.01262	0.00438	0.0678	0.06043	0.07568	0	0	0	0	0	0	0	0	0	0	0.01265	0	0	0	0	0	0	0	0	0	0	0	0	0	0	0	0	0.68708	0.05076	0	0	0	0.24942	0	0.01265	0	0	0.02295
67	0	0	0	0	0	0.10569	0.00836	0	0	0.03801	0.0282	0	0	0	0.0538	0	0	0	0.00524	0	0	0	0	0.04371	0	0	0	0.07268	0.01195	0	0	0	0	0	0	0	0	0	0	0.25032	0.06478	0	0	0.00372	0.12341	0	0	0	0	0	0	0.08169	0.03181	0	0	0.00655	0	0	0	0	0	0	0.03862	0	0	0	0.0174	0.01397	0	0	0	0	0	0.18021	0.05904	0.12838	0	0	0.44224	0	0.12005	0.06999	0	0.03939
68	0	0	0	0	0	0.15189	0.00916	0	0	0.04371	0.13856	0	0	0	0.08399	0	0	0	0.00065	0	0	0	0	0.20859	0	0	0	0.08716	0.00901	0	0	0	0	0	0	0	0	0	0	0.1141	0.0202	0	0	8e-05	0.03103	0	0	0	0	0	0	0.02063	0.00991	0	0	0.01257	0	0	0	0	0	0	0.05478	0	0	0	0.00416	0	0	0	0	0	0	0.34329	0.08464	0.30476	0	0	0.16541	0	0.04311	0.05893	0	0.03849
69	0	0	0	0	0	0.35407	0.0025	0	0	0.0064	0.15433	0	0	0	0.03433	0	0	0	0.00079	0	0	0	0	0.15199	0	0	0	0.10311	0	0	0	0	0	0	0	0	0	0	0	0.13733	0.01107	0	0	0	0.0059	0	0	0	0	0	0	0.01094	0.00056	0	0	0.00527	0	0	0	0	0	0	0.01736	0	0	0	0.0041	0	0	0	0	0	0	0.5173	0.03512	0.25511	0	0	0.15428	0	0.01677	0.02145	0	0.03051
70	0	0	0	0	0.00444	0	0.00445	0	0.00169	0.02241	0.02234	0	0	0	0	0	0	8e-05	0	0	0	0	0.0038	0	0	0	0.01145	0.04616	0.00761	0	0	0	0	0	0	0	0	0.1212	0	0	0.12606	0	0.01404	0.11776	0.08914	0	0	0	0	0	0	0	0.00427	0	0.0037	0	0	0	0	0	0.06259	0	0	0.01076	0	0.07352	0.23319	0.01946	0	0	0	0	0	0.05537	8e-05	0.069	0	0	0.4681	0	0.00797	0.39946	0	0.03549
71	0	0	0	0	0.00128	0	0.00634	0	0.01317	0.04767	0.0115	0	0	0.00063	0	0	0	0.00872	0.0181	0	0	0	0.00531	0	0	0	0.03189	0.09051	0.02037	0	0	0	0	0	0	0	0	0.02797	0	0	0.09214	0	0.01509	0.12453	0.03802	0	0	0	0	0	0.00142	0	0.00057	0	0.00432	0.0407	0	0	0	0	0.02519	0	0	0.01554	0	0.06225	0.26196	0.03478	0	0	0	0	0	0.07996	0.02745	0.14811	0	0	0.29776	0	0.047	0.39969	0	0.03118
72	0	0	0	0	0.0042	0	0.00017	0	0.01636	0.06156	0.01182	0	0	0.00235	0	0.00041	0	0.01321	0.0821	0	0	0	0	0	0	0	0.02914	0.19227	0.01067	0	0	0	0	0	0	0	0	0.00885	0	0	0.04816	0	0.03361	0.04299	0.00248	0	0	0	0	0	0.01029	0	0.00053	0	0.02777	0.12036	0	0	0	0	0	0	0	0.02018	0	0.04877	0.19632	0.01534	0	0	0	0	0	0.09409	0.09809	0.23213	0	0	0.13609	0	0.15894	0.28065	0	0.02679
73	0	0	0	0	0	0	0.00562	0.01289	0.06216	0.10107	0.07778	0.00628	0	0	1e-04	0.00781	0.00123	0.00242	0.00499	0	0	0	0	0	0.00541	0.01076	0.01112	0.009	0	0	0	0	0	0	0	0	0	0	0	0.01765	0.06791	0.02526	0.0792	0.16296	0.20802	0.02454	0	0	0	0	0	0.00917	0.00893	0	0.00729	0.0046	0.00691	0	0	0	0	0	0.00931	0.01775	0.00706	0.01083	0.01408	0	0	0	0	0	0	0.26578	0.01655	0.03626	0	0	0.58543	0	0.03688	0.05903	0	0.03826
74	0	0	0	0	0	0.00014	0.00174	0.01494	0.12109	0.2095	0.06601	0.00197	0	0.00014	0.00016	9e-05	0.0184	0.02249	0.02545	0.00194	0	0	0	0	8e-04	0.00963	0.00814	0.03186	0.00231	0	0	0	0	0	0	0	0	0.00022	0	0.00762	0.01816	0.01244	0.07481	0.16491	0.06864	0.01281	0	0	0	0	0.00196	4e-05	0.00203	0.0041	0.01911	0.02579	0.00304	0	0	0	0	0	0.00128	0.00571	0.00879	0.00987	0.01619	0.00561	0	0	0	0	0	0.41543	0.06866	0.05275	0	0	0.35961	0	0.05607	0.04745	0	0.03941
75	0	0	0	0	0	0	0.00045	0.01147	0.10806	0.17863	0.08003	0.00145	0	0.00073	0	0	0.03293	0.00869	0.09049	0.02181	0	0	0	0	0	0.00832	0.00158	0.04444	0.00324	0	0	0	0	0	0	0	0	0.00057	0	0	0.00644	0.00197	0.09392	0.0921	0.08669	0.0079	0	0	0	0	0.01463	0	0	0.00979	0.00331	0.05792	0.01041	0	0	0	0	0	0	0	0.00436	0.00233	0.00856	0.00674	0	0	0	0	0	0.38012	0.15463	0.05761	0	0	0.28959	0	0.09605	0.02201	0	0.03105
76	0	0	0	0	0.00277	0	0.01636	0	0	0.00041	0.01165	0	0	0	0	0.00376	0	0	0	0	0	0	0.00241	0	0	0	0	0.00453	0	0	0	0	0	0	0	0.0018	0.02534	0.34604	0.00015	0.00381	0.03817	0	6e-05	0.01356	0.11589	0	0	0	0	0	0.01844	0	0.00455	0	0	0	0.00294	0	0.01301	0.024	0.2793	0.01678	0	0	0	0	0.02625	0.02814	0	0	0	0	0	0.03119	0.00376	0.00694	0	0	0.54475	0	0.02592	0.38752	0	0.05349
77	0	0	0	0	0.00361	0	0.01834	0	0.00015	0.00238	0.02339	0	0	0	0	0.00113	0	0.00337	0	0	0	0	0.00141	0	0	0	0	0.01237	0.0028	0	0	0	0	0	0	9e-05	0.01418	0.30269	0.00011	0.00444	0.03001	0	0.00141	0.0236	0.10352	0	0	0	0	0	0.00847	0	0.00528	0	0.00216	0	0.00475	0	0.00779	0.03752	0.31213	0.0106	0	0	0	0.00049	0.02819	0.03374	0	0	0	0	0	0.04785	0.0045	0.01657	0	0	0.48003	0	0.02067	0.43047	0	0.05222
78	0	0	0	0	0.00117	0	0.00314	0	0.00031	0.01492	0.00932	0	0	0	0	0	0	0.01317	0.00261	3e-04	0	0	0.00935	0	0.00106	0	0.01458	0.02317	0.01155	0	0	0	0	0	0	3e-05	0.00179	0.19521	0	0	0.00545	0	0.00085	0.04291	0.07844	0	0	0	0	0	0.02594	0	0.00047	0	0.01401	0.01082	0.00318	0	0.00367	0.02454	0.38539	0.00304	0	0.00168	0	0.01267	0.02538	0.05993	0	0	0	0	0	0.02886	0.01609	0.05971	0	0	0.32468	0	0.05443	0.51629	0	0.03606
79	0	0	0	0	0	0.20184	0	0.11748	0	0.18413	0.03552	0.0068	0	0	0.00181	0	0	0	0.02503	0.03416	0	0	0	0.00093	0	0.00187	0	0.04233	0.0026	0	0.00255	0	0	0	0	0	0	0	0	0.08552	0	0.03183	0	0.11803	0.02113	6e-05	0	0	0	0	0	0.00165	0	0	0	0.01269	0.03664	0	0	0	0	0	0.00416	0	0	0	0.01761	0.01238	0	0.00126	0	0	0	0.5458	0.06098	0.04773	0.00255	0	0.25661	0	0.05097	0.03415	0.00126	0.03045
80	0	0	0	0	0	0.21729	0	0.13147	0	0.17328	0.07169	0.00563	0	0	0.00568	0	0	0	0.04958	0.08141	0	0	0	2e-04	0	0.00395	0	0.05141	0.0045	0	0.01016	0	0.00189	0	0	0	0	0	0	0.05038	0	0.02933	0	0.05306	0.01513	0.00134	0	0	0	0	0	0.00465	0	0	0	0.00628	0.01484	0	0	0	0	0	8e-05	0	0	0	0.00798	0.00415	0	0.00407	0	0.00051	0	0.5994	0.13666	0.06006	0.01205	0	0.14923	0	0.02576	0.01221	0.00458	0.03129
81	0	0	0	0	0	0.23565	0	0.0935	0	0.16915	0.07116	0.01457	0	0	0.00574	0	0	0	0.05286	0.11648	0	0	0	0	0	0	0	0.02174	0.007	0	0.01511	0	0.00332	0	0	0	0	0	0	0.07768	0	0.01818	0	0.04179	0.01778	0.00268	0	0	0	0	0	0.00103	0	0	0	0.00693	0.00608	0	0	0	0	0	0	0	0	0	0.0138	0.00212	0	0.00357	0	0.00217	0	0.58399	0.17509	0.02874	0.01843	0	0.15808	0	0.01402	0.01591	0.00573	0.02529
82	0	0	0	0	0	0.04483	0	0.11357	0.03396	0.04378	0.07721	0.00274	0	0	0.00324	0	0.0084	0	0.00103	0	0	0	0	0.00949	0	0.0095	0	0.00102	0.00088	0	0	0	0	0	0	2e-04	0	0	0	0.13186	0.03287	0.10643	0.0865	0.06162	0.13186	0.01057	0	0	0	0	0	0.0054	0	0.02338	0	0	0.00707	0	0	0	0	0	0.02176	0	0.00961	0	0.00924	0.01199	0	0	0	0	0	0.31612	0.01266	0.02089	0	0	0.56188	0	0.03584	0.0526	0	0.04107
83	0	0	0	0	0	0.02706	0	0.19528	0.10006	0.12588	0.05257	0.00955	0	0	0.00762	0	0.04815	0	0.0143	0	0	0	0	0.00032	0	0	0	0.00042	0.00063	0	0	0	0	0	0	0	0	0	0	0.05939	0	0.03609	0.05355	0.05393	0.12693	0.00351	0	0	0	0	0	0	0	0.05287	0	0.00422	0	0	0	0	0	0	0.00485	0	0	0	0.01376	0.00915	0	0	0	0	0	0.51039	0.07007	0.00137	0	0	0.3334	0	0.05709	0.02771	0	0.03825
84	0	0	0	0	0	0.01617	0	0.10057	0.08875	0.18002	0.07497	0.00465	0	0	0.00025	0	0.0799	0	0.02057	0.00898	0	0	0	0	0	0	0	0	0.02778	0	0	0	0	0	0	0	0	0	0	0.02064	0	0.05261	0.0697	0.10736	0.04383	0.00356	0	0	0	0	0	0	0	0.07977	0	0.00787	0.00111	0	0	0	0	0	0	0	0	0	0.00053	0.0105	0	0	0	0	0	0.46517	0.1097	0.02778	0	0	0.29767	0	0.08874	0.01103	0	0.03299
85	0	0	0	0	0	0.09881	0	0.10257	0	0.13232	0.02912	0	0	0	0.00672	0	3e-04	0	0.00495	0.01191	0	0	0	0.02979	0	0.00135	0	0.0061	0	0	0.00139	0	0	0	0	0	0	0	0	0.19961	0	0.07337	0	0.13291	0.03766	0	0	0	0	0	0	0.00955	0	0	0	0.00339	0.01417	0	0	0	0	0	0.05972	0	0.0013	0	0.02146	0	0	0.02155	0	0	0	0.36284	0.02386	0.03724	0.00139	0	0.44346	0	0.02712	0.08248	0.02155	0.03139
86	0	0	0	0	0	0.12102	0	0.08398	0	0.17007	0.03409	0	0	0	0.01352	0	0.00079	0	0.0077	0.0201	0	0	0	0.02651	0	0.00309	0	0.02974	0	0	0.01206	0	0	0	0	0	0	0	0	0.09853	0	0.07366	0	0.15676	0.04478	0	0	0	0	0	0	0.01044	0	0.00022	0	0.00778	0.01564	0	0	0	0	0	0.035	0	0.00337	0	0.02224	0	0	0.00888	0	0	0	0.40918	0.04211	0.05935	0.01206	0	0.3737	0	0.03407	0.06061	0.00888	0.03624
87	0.00018	0	0	0	0	0.09958	0	0.10914	0	0.18921	0.0301	0.00014	0	0	0.01264	0	0.00058	0	0.007	0.03039	0	0	0	0.03814	0	0.0039	0	0.03432	0	0	0.02384	0	0.00191	0.00025	0	0	0	0	0	0.06469	0	0.06292	0	0.14712	0.03669	0.00062	0	0	0	0	0	0.01213	0	0.00015	0	0.00527	0.01728	0	0	0	0	0	0.0293	0	0.00072	0	0.03073	0.00031	0	0.00859	0	0.00226	0.00018	0.42813	0.05062	0.07636	0.02575	0.00025	0.31202	0	0.03483	0.06106	0.01084	0.03542
88	0	0	0	0	0	0.21102	0	0.05419	0.00022	0.04961	0.05965	0	0	0	0.00744	0	0.0445	0	0	0.02674	0	0	0	0.00825	0	0.00801	0	0.0175	0	0	0.01083	0	0.00086	0	0	0	0	0	0	0.2677	0	0.05524	0	0.06621	0.01765	0	0	0	0	0	0	0.00891	0	0.01258	0	0	0.01583	0	0	0	0	0	0.04136	0	0.00057	0	0.00983	0	0	0.00537	0	0	0	0.37472	0.07863	0.03377	0.01169	0	0.40677	0	0.03734	0.05176	0.00537	0.03668
89	0	0	0	0	0	0.28218	0	0.04206	0.00532	0.06492	0.0864	0	0	0	0.0122	0	0.03561	0	0	0.01419	0	0	0	0.00963	0	0.00329	0	0.00642	0.00019	0	0.01172	0	0.00809	0	0	0	0	0	0	0.1937	0	0.05045	0.01499	0.05741	0.04315	0	0	0	0	0	0	0.00933	0	0.00809	0	0	0.00791	0	0	0	0	0	0.01609	0	0.00052	0	0.00729	4e-05	0	0.00751	0	0.00123	0	0.48094	0.062	0.01953	0.0198	0	0.35969	0	0.02531	0.02393	0.00873	0.03986
90	0	0	0	0	0	0.30343	0	0.03182	0.01376	0.08457	0.06984	0.00917	0	0	0.00439	0	0.03453	0	0	0.01335	0	0	0	0.00292	0	7e-05	0	0.00072	0.00016	0	0.02478	0	0.0156	0	0	0	0	0	0	0.18086	0	0.01472	0.02276	0.06075	0.06036	3e-04	0	0	0	0	0	0.00161	0	0.02277	0	0	0.01117	0	0	0	0	0	0.00521	0	4e-05	0	0.00092	9e-05	0	0.00519	0	0.00417	0	0.51259	0.05227	0.00388	0.04039	0	0.33971	0	0.03554	0.00626	0.00936	0.03858
91	0	0	0	0	0	0.15506	0	0.07042	0.01397	0.11786	0.00432	0	0	0	0.00051	0	0	0	0.01578	0.01156	0	0	0	0.01027	0	0.00964	0	0.03006	0.00333	0	0.00074	0	0	0	0	0	0	0	0	0.29155	0	0.04124	0.06295	0.07931	0.00626	0	0	0	0	0	0	0	0	0	0	0.00293	0.00054	0	0	0	0	0	0.03334	0	0	0	0.03709	0.00075	0	0.00049	0	0	0	0.3616	0.02786	0.05332	0.00074	0	0.48119	0	0.00347	0.07116	0.00049	0.03573
92	0	0	0	0	0	0.16272	0	0.06461	0.02763	0.12042	0.00522	0.00111	0	0	0.01199	0	0.00416	0	0.00648	0.01789	0	0	0	0.00881	0	0.00256	0	0.0216	0.01824	0	7e-04	0	0	0	0	0	0	0	0	0.26227	0	0.03622	0.04929	0.10574	0.00689	0	0	0	0	0	0	0.00216	0	0.00113	0	0.00259	0.00505	0	0	0	0	0	0.01745	0	0.00179	0	0.02461	0.00565	0	0.00506	0	0	0	0.38167	0.04049	0.05121	7e-04	0	0.46042	0	0.01091	0.0495	0.00506	0.03793
93	0	0	0	0	0	0.20836	0	0.0294	0.03979	0.16115	0.04199	0.01619	0	0	0.0185	0	0.00449	0	0.01897	0.00682	0	0	0	0.01066	0	0.00172	0	0.01985	0.00953	0	0.00053	0	0.00662	0	0	0	0	0	0	0.18285	0	0.01345	0.03714	0.10681	0.01392	0.00204	0	0	0	0	0	0.00792	0	0.00257	0	0.00333	0.00606	0	0	0	0	0	0.00995	0	0.00401	0	0.0085	0.00425	0	0.00225	0	4e-04	0	0.49688	0.04877	0.04176	0.00714	0	0.35622	0	0.01989	0.0267	0.00265	0.03578
94	0	0	0	0	0	0.16498	0	0	0	0.15243	0.00961	0	0	0	0	0	0	0	0	0	0	0	0	0	0	0	0	0.00298	0	0	0	0	0	0	0	0	0	0	0	0.28656	0	0	0	0.34244	0.02351	0	0	0	0	0	0	0	0	0	0	0	0	0	0	0	0	0	0.0065	0	0	0	0.01107	0	0	0	0	0	0	0.327	0	0.00298	0	0	0.65252	0	0	0.01757	0	0.0344
95	0	0	0	0	0	0.07022	0	0	0	0.21555	0.0275	0	0	0	0	0	0	0	0	0	0	0	0	0	0	0	0	0.00967	0	0	0	0	0	0	0	0	0	0	0	0.16616	0	0	0	0.35308	0.15006	0	0	0	0	0	0	0	0	0	0	0	0	0	0	0	0	0	0	0	0	0	0.00789	0	0	0	0	0	0	0.31326	0	0.00967	0	0	0.66918	0	0	0.00789	0	0.0333
96	0	0	0	0	0	0.08233	0	0	0	0.13133	0	0	0	0	0	0	0	0	0	0	0	0	0	0	0	0	0	0	0	0	0	0	0	0	0	0	0	0	0	0.14467	0	0	0	0.29167	0.33333	0	0	0	0	0	0	0	0	0	0	0	0	0	0	0	0	0	0	0	0	0	0.01667	0	0	0	0	0	0	0.21367	0	0	0	0	0.76967	0	0	0.01667	0	0.02833
97	0	0	0	0	0	0.04277	0	0	0	0.0324	0.02427	0	0	0	0	0	0	0	0	0	0	0	0	0	0	0	0	0	0.0108	0	0	0	0	0	0	0	0	0	0	0.51882	0.14286	0	0	0.16073	0.01429	0	0	0	0	0	0	0	0	0	0	0	0	0	0	0	0	0	0.01618	0	0	0	0.03331	0.00367	0	0	0	0	0	0.09944	0	0.0108	0	0	0.8367	0	0	0.05316	0	0.03064
98	0	0	0	0	0	0.08365	0	0	0	0.07772	0.00894	0	0	0	0	0	0	0	0	0	0	0	0	0	0	0	0	0.00263	0.01078	0	0	0	0	0	0	0	0	0	0	0.44891	0.14286	0	0	0.1669	0.01677	0	0	0	0	0	0	0	0	0	0	0	0	0	0	0	0	0	0.02014	0	0	0	0.01655	0.00421	0	0	0	0	0	0.17027	0	0.01338	0	0	0.77539	0	0	0.0409	0	0.04011
99	0	0	0	0	0	0.11072	0.00407	0	0.0045	0.10773	0.00052	0	0	0	0	0	0	0	0	0	0	0	0	0.00028	0	0	0	0.01163	0.00201	0	0	0	0	0	0	0	0	0	0	0.38499	0.12073	0	0.01358	0.18038	0.0031	0	0	0	0	0	0	0	0	0	0	0	0	0	0	0	0	0	0.02625	0	0	0	0.02719	0.00233	0	0	0	0	0	0.22751	0	0.01392	0	0	0.70274	0	0	0.05583	0	0.04203
100	0	0	0	0	0	0	0	0	0.10949	0	0.22913	0.00052	0	0	0	0.00359	0	0.02726	0	0.00921	0	0	0	0	0	0	0.0211	0	0.04791	0	0	0	0	0	0	0	0	0.00018	0	0	0	0	0.01643	0	0.28125	0.00073	0	0	0	0	0	0	0.00847	0	0.04934	0	0.02165	0	0	0	0	0	0	0.01523	0	0.06394	0	0.0945	0	0	0	0	0	0.33915	0.04006	0.06901	0	0	0.29857	0	0.07945	0.17366	0	0.03843
101	0	0	0	0	0	0	0	0	0	0	0.31802	0	0	0	0	0.05868	0	0.01526	0	0.04571	0	0	0	0	0	0	0.01963	0	0.04948	0	0	0	0	0	0	0	0	0.00133	0	0	0	0	0.00499	0	0.33809	0	0	0	0	0	0	0	0.02371	0	0.04775	0	0.00357	0	0	0	0	0	0	0	0	0.03529	0	0.0385	0	0	0	0	0	0.31802	0.11952	0.0691	0	0	0.34441	0	0.0749	0.07379	0	0.02731
102	0	0	0	0	0	0	0	0	0	0	0.30668	0	0	0	0	0.02	0	0.02335	0	0.15549	0	0	0	0	0	0	0.03193	0	0.15614	0	0	0	0	0	0	0	0	0.01361	0	0	0	0	0.00025	0	0.14917	0	0	0	0	0	0	0	0.00411	0	0.01294	0	0.02815	0	0	0	0	0	0	0	0	0.08668	0	0.01161	0	0	0	0	0	0.30668	0.19876	0.18806	0	0	0.16303	0	0.04515	0.09829	0	0.02304
103	0	0	0	0	0	0.06399	0.02199	0	0.02448	0.00711	0.2546	0.00236	0	0	0.00428	0.00725	0	0	0	0.00162	0	0	0	0.00213	0	0	0.00787	0	0.00658	0	0	0	0	0	0	0	0	0	0	0.09066	0.08491	0	0.00839	0.00516	0.25432	0.00421	0	0	0	0	0	0.03894	0.06194	0	0	0	0.00419	0	0	0	0	0	0	0.01164	0	0	0	0.0314	0	0	0	0	0	0.37456	0.01315	0.01658	0	0	0.44768	0	0.10508	0.04303	0	0.04855
104	0	0	0	0	0	0.00984	0.01273	0	0.03124	0.00333	0.20399	0	0	0	0	0.02753	0	0	0	0.00623	0	0	0	0	0	0	0.03146	0	0.05106	0	0	0	0	0	0	0	0	0	0	0.15701	0.06447	0	0.04224	0.00247	0.19645	0	0	0	0	0	0	0.03315	0.08947	0	0	0	0.0149	0	0	0	0	0	0	0	0	0.00151	0	0.02093	0	0	0	0	0	0.26107	0.03377	0.08252	0	0	0.46266	0	0.13752	0.02244	0	0.03444
105	0	0	0	0	0	0.04671	0.0272	0	0.0454	0.0025	0.14649	0	0	0	0	0.04795	0	0	0.00605	0.00674	0	0	0	0	0	0	0.01233	0	0.0897	0	0	0	0	0	0	0	0	0	0	0.13608	0.035	0	0.04694	0.00355	0.21635	0	0	0	0	0	0	0.01721	0.0705	0	0	0.00225	0.00409	0	0	0	0	0	0	0	0	0.00882	0.00505	0.02296	0	0	0	0	0	0.26824	0.06074	0.10203	0	0	0.43787	0	0.09405	0.03691	0	0.03267
106	0	0	0	0	0	0.16624	0	0	0	0.05762	0	0	0	0	0	0	0	0	0	0	0	0	0	0.00728	0	0	0	0	0	0	0	0	0	0	0	0	0	0	0	0.58014	0	0	0	0.14685	0	0	0	0	0	0	0	0	0	0	0	0	0	0	0	0	0	0	0.04196	0	0	0	0	0	0	0	0	0	0	0.2238	0	0.00728	0	0	0.727	0	0	0.04196	0	0.03442
107	0	0	0	0	0	0.03683	0	0	0	0.20643	0	0	0	0	0	0	0	0	0	0	0	0	0	0.02823	0	0	0	0.01768	0	0	0	0	0	0	0	0	0	0	0	0.30884	0	0	0	0.28014	0	0	0	0	0	0	0	0	0	0	0	0	0	0	0	0	0	0	0.07641	0	0	0	0.04541	0	0	0	0	0	0	0.24324	0	0.04588	0	0	0.58896	0	0	0.12186	0	0.03016
108	0	0	0	0	0	0	0	0	0	0.19875	0	0	0	0	0	0	0	0	0	0	0	0	0	0	0	0	0	0.0075	0	0	0	0	0	0	0	0	0	0	0	0.23325	0	0	0	0.276	0	0	0	0	0	0	0	0	0	0	0	0	0	0	0	0	0	0	0.2845	0	0	0	0	0	0	0	0	0	0	0.19875	0	0.0075	0	0	0.50925	0	0	0.2845	0	0.02
109	0	0	0	0	0	0.05196	0	0	0.13781	0.00799	0.00801	0	0	0	0	0	0	0	0	0	0	0	0	0.00131	0	0	0	0	0	0	0	0	0	0	0	0	0	0	0	0.35941	0	0.05857	0.22556	0.04293	0.03789	0	0	0	0	0	0	0	0	0	0	0	0	0	0	0	0	0	0.05481	0	0.00792	0.0059	0	0	0	0	0	0	0	0.2057	0	0.00131	0	0	0.72432	0	0	0.06863	0	0.03473
110	0	0	0	0	0	0.05179	0	0.00177	0.12135	0.03561	0.00617	0	0	0	0.00172	0	0	0	0	0	0	0	0	0.00787	0	0	0	0	0	0	0	0	0	0	0	0	0	0	0	0.25423	0	0.07879	0.22036	0.13533	0.06125	0	0	0	0	0	0	0.00522	0	0	0	0.00191	0	0	0	0	0	0	0.01505	0	0.00101	0.00042	0.00011	0	0	0	0	0	0	0.2167	0.00172	0.00787	0	0	0.74996	0	0.00712	0.0166	0	0.03518
111	0	0	0	0	0	0.05435	0	0.00421	0.1161	0.14721	0.03297	0	0	0	0	0	0	0	0	0	0	0	0	0.00387	0	0	0	0.00352	0	0	0	0	0	0	0	0	0	0	0	0.10781	0	0.01804	0.26164	0.19072	0.05212	0	0	0	0	0	0	0.0013	0	0	0	0	0	0	0	0	0	0	0.0029	0	0	0	0.00324	0	0	0	0	0	0	0.35482	0	0.00741	0	0	0.63033	0	0.0013	0.00613	0	0.03242
112	0	0	0	0	0	0.02332	0	0.00118	0	0	0.04787	0	0	0	0.02418	0	0.01379	0	0	0.06335	0	0	0	0.0025	0	0	0	0	0	0	0	0	0	0	0	0	0	0	0	0.22646	0	0.00539	0	0	0.46365	0	0	0	0	0	0	0.03984	0	0.00206	0	0	0.0056	0	0	0	0	0	0.08083	0	0	0	0	0	0	0	0	0	0	0.07239	0.10132	0.0025	0	0	0.69546	0	0.0475	0.08083	0	0.02656
113	0	0	0	0	0	0	0	0.01545	0	0	0.21524	0	0	0	0	0	0.03293	0	0	0.53521	0	0	0	0	0	0	0	0	0.00493	0	0	0	0	0	0	0	0	0	0	0	0	0	0	0	0.15062	0	0	0	0	0	0	0	0	0	0	0	0.04571	0	0	0	0	0	0	0	0	0	0	0	0	0	0	0	0	0.23069	0.56814	0.00493	0	0	0.15062	0	0.04571	0	0	0.01367
114	0	0	0	0	0	0	0	0	0	0	0.17629	0	0	0	0	0	0	0	0	0.65179	0	0	0	0	0	0	0	0	0.01479	0	0	0	0	0	0	0	0	0	0	0	0	0	0	0	0.02	0	0	0	0	0	0	0	0	0	0	0	0.13714	0	0	0	0	0	0	0	0	0	0	0	0	0	0	0	0	0.17629	0.65179	0.01479	0	0	0.02	0	0.13714	0	0	0.00643
115	0	0	0	0	0	0	0.00525	0	0.0022	0.01826	0.08331	0.00013	0	0	0	0	0	0	0	0.00418	0	0	0	0.00264	0	0	0	0	0.00038	0	0	0	0	0	0	0	0	0.0648	0	0.02858	0.11115	0.01015	0.03161	0.06854	0.48149	0.01052	0	0	0	0	0	0	0	0	0	0	0.03025	0	0	0	0.00226	0	0.028	0.01364	0	0.00083	0.00092	0.00086	0	0	0	0	0	0.10918	0.00418	0.00303	0	0	0.80687	0	0.03025	0.0465	0	0.02443
116	0	0	0	0	0.0055	0.00045	0.00776	0.00545	0.00753	0.04723	0.07092	0.00034	0	0.00069	0	0	0.00223	0.001	0.00452	0.01352	0	0	0.00216	0	0.00168	0.00111	0	0.0017	0.00576	0	0	0	0	0	0	0	0	0.0821	0	0.0192	0.07304	0.0199	0.00695	0.09846	0.37123	0.00962	0	0	0	0	0.01812	0	0	0.00037	0.00084	0.0031	0.04014	0	0	0	0.0187	0	0.0015	0.00641	0.00134	5e-05	0.01808	0.0313	0	0	0	0	0	0.14523	0.02196	0.01241	0	0	0.68047	0	0.06257	0.0774	0	0.03013
117	0	0	0	0	0.00304	0	0.00092	0.02119	0	0.01323	0.07112	0	0	0.002	0	0	0.01719	0	0.02084	0.02246	0	0	6e-04	0	0.01343	0	0	0	0.00913	0	0	0	0	0	0	0	0	0.10482	0	0	0.02188	0.02673	0	0.13366	0.23382	0.01842	0	0	0	0	0.02006	0	0.00088	0	0	0.01623	0.03083	0	0	0	0.0747	0	0	0.02537	0	0	0	0.09749	0	0	0	0	0	0.10955	0.0625	0.02315	0	0	0.53929	0	0.068	0.19752	0	0.02612
118	0	0	0	0	0	0.07763	0	0.00168	0.01278	0.03185	0	0	0	0	0	0	0	0	0	0	0	0	0	0.00017	0	0	0	0.00032	0	0	0	0	0	0	0	0	0	0	0	0.62445	0	0.08217	0.02789	0.09046	0	0	0	0	0	0	0	0.00076	0	0	0	0	0	0	0	0	0	0	0.0286	0	0	0	0.0211	0	0	0	0	0	0	0.12394	0	0.00048	0	0	0.825	0	0.00076	0.04974	0	0.03691
119	0	0	0	0	0	0.12825	0	0.00357	0.0219	0.04259	0	0	0	0	0	0	0	0	0	0	0	0	0	0.00464	0	0	0.0012	0.00051	0	0	0.00127	0	0	0	0	0	0	0	0	0.51874	0	0.04712	0.03428	0.15528	0	0	0	0	0	0	0	0.00801	0	0	0	0	0	0	0	0	0	0	0.02049	0	0	0.00097	0.01006	0	0	0.00106	0	0	0	0.1963	0	0.00636	0.00127	0	0.75546	0	0.00801	0.03152	0.00106	0.04288
120	0	0	0	0	0	0.12067	0	0.01333	0.01217	0.04517	0	0	0	0	0	0	0	0	0	0	0	0	0	0.00392	0	0	0	0	0	0	0	0	0	0	0	0	0	0	0	0.468	0	0.01042	0.05892	0.20392	0	0	0	0	0	0	0	0.04067	0	0	0	0	0	0	0	0	0	0	0.02067	0	0	0.00167	0.00067	0	0	0	0	0	0	0.19133	0	0.00392	0	0	0.74117	0	0.04067	0.023	0	0.03317
121	0	0	0	0	0	0.01314	0	0.09044	0.14731	0.16815	0.00416	0	0	0	0.00592	0	0.0384	0	0.0096	0.00112	0	0	0	0.00851	0	0.0159	0.02382	0	0	0	0	0.01988	0	0	0	0	0	0	0	0.05353	0	0.09713	0.10419	0.0983	0.02099	0	0	0	0	0	0	0.00613	0	0.0176	0	0.00187	0.00118	0	0	0	0	0	0.01831	0	0.00883	0.02	0.00074	0.00362	0	0	0.00126	0	0	0.4232	0.05503	0.04822	0.01988	0	0.37417	0	0.02678	0.05148	0.00126	0.03534
122	0	0	0	0	0	0.04165	0	0.10412	0.25948	0.16072	0.00128	0	0	0	0.00862	0	0.09675	0	0.02331	0	0	0	0	0.00179	0	0.0193	0.01975	0.00068	0	0	0	0.01208	0	0	0	0	0	0	0	0.02668	0	0.01122	0.08058	0.10449	0.00255	0	0	0	0	0	0	0.00883	0	0.00295	0	0.0035	0	0	0	0	0	0	0.00575	0	0.00367	0	0	0	0	0	0.00036	0	0	0.56721	0.12873	0.04151	0.01208	0	0.22549	0	0.01527	0.00942	0.00036	0.03038
123	0	0	0	0	0	0.05943	0	0.05074	0.26006	0.20354	0	0	0	0	0.01999	0	0.09324	0	0.00687	0	0	0	0	0	0	0.00688	0	0.00032	0	0	0	0	0	0	0	0	0	0	0	0.02229	0	0.02003	0.11494	0.08298	0.00907	0	0	0	0	0	0	0.01417	0	0.03243	0	0.00305	0	0	0	0	0	0	0	0	0	0	0	0	0	0	0	0	0	0.57375	0.1201	0.00719	0	0	0.24936	0	0.04966	0	0	0.02865
124	0	0	0	0	0	0.18555	0	0.02755	0	0.15484	0	0	0	0	0	0	0	0	0	0	0	0	0	0.01808	0	0.0367	0	0.02039	0	0	0	0	0	0	0	0	0	0	0	0.2342	0	0.03162	0	0.15213	0	0	0	0	0	0	0	0.0147	0	0	0	0	0	0	0	0	0	0	0.02473	0	0.00089	0	0.09894	0	0	0	0	0	0	0.36793	0	0.07496	0	0	0.41784	0	0.0147	0.12462	0	0.03743
125	0	0	0	0	0	0.30238	0	0.03357	0	0.08377	0	0	0	0	0.01775	0	0	0	0	0	0	0	0	0.011	0	0.02973	0	0.01824	0	0	0	0	0	0	0	0	0	0	0	0.26761	0	0.02348	0	0.07512	0	0	0	0	0	0	0	0.031	0	0	0	0	0	0	0	0	0	0	0.01948	0	0.02444	0	0.06232	0	0	0	0	0	0	0.41971	0.01775	0.05899	0	0	0.36624	0	0.031	0.10623	0	0.05168
126	0	0	0	0	0	0.30659	0	0.04043	0	0.03212	0	0	0	0	0.01187	0	0	0	0	0	0	0	0	0.00228	0	0.00268	0	0.00867	0	0	0	0	0	0	0	0	0	0	0	0.31624	0	0.06566	0	0.09193	0	0	0	0	0	0	0	0.04662	0	0	0	0	0	0	0	0	0	0	0.01379	0	0.00571	0	0.05518	0	0	0	0	0	0	0.37919	0.01187	0.01364	0	0	0.47383	0	0.04662	0.07468	0	0.03748
127	0	0	0	0	0	0.00899	0	0.35914	0.02503	0	0.00764	0	0	0	0.00599	0	0.05296	0	0	0	0	0	0	0.0226	0	0.09122	0	0	0	0	0	0	0	0	0	0	0	0	0	0.01132	0	0.25775	0.03379	0	0	0	0	0	0	0	0	0.00335	0	0.0496	0	0	0	0	0	0	0	0	0.00167	0	0.06892	0	0	0	0	0	0	0	0	0.4008	0.05898	0.11382	0	0	0.30289	0	0.05302	0.07059	0	0.03119
128	0	0	0	0	0	0.00775	0	0.38103	0.02124	0	0.00151	0	0	0	0.00665	0	0.08555	0	0	0.00018	0	0	0	0.01117	0	0.09261	0	0	0	0	0	0	0	0	0	0	0	0	0	0.00347	0	0.23737	0.03758	0	0	0	0	0	0	0	0	0.00896	0	0.04299	0	0	0	0	0	0	0	0	0.00245	0	0.05948	0	0	0	0	0	0	0	0	0.41156	0.09242	0.10376	0	0	0.27844	0	0.05196	0.06191	0	0.03569
129	0.00901	0	0	0	0	0.03788	0	0.33155	0.01937	0.00151	0.00648	0	0	0	0.01621	0	0.1076	0	0.00051	0.00323	0	0	0	0.00428	0	0.10039	0	0	0.00064	0	0	0	0	0.00276	0	0	0	0	0	0.02038	0	0.19464	0.01846	0.00046	0.00293	0	0	0	0	0	0	0.01302	0	0.05451	0	0	0.00081	0	0	0	0	0	0.00391	0	0.04936	0	0	9e-05	0	0	0	0	0.00901	0.39681	0.12755	0.1053	0	0.00276	0.23687	0	0.06834	0.05338	0	0.04006
130	0	0	0	0	0	0	0	0	0.59573	0	0.0067	0	0	0	0	0	0	0	0	0	0	0	0	0	0	0	0.05348	0	0	0	0	0	0	0	0	0	0	0	0	0	0	0	0.20651	0	0.12778	0	0	0	0	0	0	0	0	0	0	0	0	0	0	0	0	0	0.00214	0	0	0.00774	0	0	0	0	0	0	0	0.60259	0	0.05348	0	0	0.33417	0	0	0.00988	0	0.04877
131	0	0	0	0	0	0	0	0	0.29044	0	0.00714	0	0	0	0	0	0	0	0	0	0	0	0	0	0	0	0	0	0	0	0	0	0	0	0	0	0	0	0	0	0	0	0.27635	0.00532	0.42067	0	0	0	0	0	0	0	0	0	0	0	0	0	0	0	0	0	0	0	0	0	0	0	0	0	0	0	0	0.29759	0	0	0	0	0.70241	0	0	0	0	0.04526
132	0	0	0	0	0	0	0	0	0.03525	0	0	0	0	0	0	0	0	0	0	0	0	0	0	0	0	0	0	0	0	0	0	0	0	0	0	0	0	0	0	0	0	0	0.05526	0	0.90945	0	0	0	0	0	0	0	0	0	0	0	0	0	0	0	0	0	0	0	0	0	0	0	0	0	0	0	0	0.03525	0	0	0	0	0.96475	0	0	0	0	0.01492
133	0	0	0	0	0	0.09977	0	0	0	0.02351	0	0	0	0	0	0	0	0	0	0	0	0	0	0.10743	0	0	0	0.0377	0	0	0	0	0	0	0	0	0	0	0	0.29849	0	0	0	0.26256	0	0	0	0	0	0	0	0	0	0	0	0	0	0	0	0	0	0	0.0572	0	0	0	0.1131	0	0	0	0	0	0	0.12328	0	0.14513	0	0	0.56105	0	0	0.17054	0	0.04246
134	0	0	0	0	0	0.1625	0	0	0	0.1893	0	0	0	0	0	0	0	0	0	0	0	0	0	0.04095	0	0	0	0.0072	0	0	0	0	0	0	0	0	0	0	0	0.18481	0	0	0	0.25366	0	0	0	0	0	0	0	0	0	0	0	0	0	0	0	0	0	0	0.13966	0	0	0	0.0218	0	0	0	0	0	0	0.35178	0	0.04814	0	0	0.43848	0	0	0.16151	0	0.05723
135	0	0	0	0	0	0.37626	0	0	0	0.25907	0	0	0	0	0	0	0	0	0	0	0	0	0	0.01198	0	0	0	0	0	0	0	0	0	0	0	0	0	0	0	0.16385	0	0	0	0.16667	0	0	0	0	0	0	0	0.00821	0	0	0	0	0	0	0	0	0	0	0.01414	0	0	0	0	0	0	0	0	0	0	0.63517	0	0.01198	0	0	0.33052	0	0.00821	0.01414	0	0.0512
136	0	0	0	0	0	0.00493	0	0	0	0.12363	0	0	0	0	0	0	0	0	0	0	0	0	0	0	0	0	0	0.11354	0	0	0	0	0	0	0	0	0	0	0	0.11977	0	0	0	0.27725	0	0	0	0	0	0	0	0	0	0	0	0	0	0	0	0	0	0	0.10866	0	0.03242	0	0.21965	0	0	0	0	0	0	0.12856	0	0.11354	0	0	0.39702	0	0	0.36073	0	0.02988
137	0	0	0	0	0	0.00219	0	0	0	0.13662	0	0	0	0	0	0	0	0	0	0	0	0	0	0	0	0.0058	0	0.14997	0	0	0	0	0	0	0	0	0	0	0	0.0933	0	0	0	0.24294	0	0	0	0	0	0	0	0	0	0	0	0	0	0	0	0	0	0	0.08771	0	0.09879	0	0.18267	0	0	0	0	0	0	0.13881	0	0.15577	0	0	0.3359	0	0	0.36948	0	0.03583
138	0	0	0	0	0	0.0016	0	0.00076	0	0.06053	0	0	0	0	0	0	0.00728	0	0	0	0	0	0	0	0	0.03294	0	0.11356	0	0	0	0	0	0	0	0	0	0	0	0.20985	0	0.01979	0	0.17491	0	0	0	0	0	0	0	0	0	0.0234	0	0	0	0	0	0	0	0	0.0723	0	0.09701	0	0.18617	0	0	0	0	0	0	0.06288	0.00728	0.14653	0	0	0.40451	0	0.0234	0.35554	0	0.04498
139	0	0	0	0	0	0.00143	0	0.00243	0.00974	0.00254	0	0	0	0	0	0	0	0	0	0	0	0	0	0.04127	0.00737	0.00529	0	0.16084	0.00171	0	0	0	0	0	0	0.00378	0	0	0	0.02822	0.11732	0.02129	0.00389	0.03641	0	0	0	0	0	0	0	0	0	0	0	0	0	0	0	0	0	0	0.08898	0.14457	0.01571	0	0.26265	0.04495	0	0	0	0	0	0.01628	0	0.21635	0	0	0.21079	0	0	0.55673	0	0.04448
140	0	0	0	0	0	0.00429	0.00319	0.01138	0.00015	0.00116	0	0	0	0	0	0	0	0	0	0	0	0	0	0.03284	0.00426	0.00042	0	0.18273	0.0065	0	0	0	0	0	0	0.01658	0	0	0	0.03578	0.15112	0.00307	0.0034	0.04124	0	0	0	0	0	0	0	0	0	0	0	0	0	0	0	0	0	0	0.03972	0.11493	0.00219	0	0.3121	0.03319	0	0	0	0	0	0.02021	0	0.22636	0	0	0.25132	0	0	0.50214	0	0.04865
141	0	0	0	0	0	0.03158	0.0042	0.00323	0.00148	0.04072	0	0	0	0	0	0	0	0	0	0	0	0	0	0.05609	0.00043	0.00056	0.00125	0.16678	0.00208	0	0	0	0	0	0	0.0385	0	0	0	0.02278	0.17683	0.00046	0.00219	0.10749	0	0	0	0	0	0	0	0	0	0	0	0	0	0	0	0	0	0	0.07293	0.08057	0.00049	0.00504	0.16355	0.0208	0	0	0	0	0	0.08119	0	0.22726	0	0	0.34828	0	0	0.34334	0	0.04553
142	0	0	0	0	0	0.00894	0	0	0	0.02397	0.0636	0	0	0	0	0	0	0	0	0	0	0	0	0.0042	0	0	0	0.00858	0.0807	0	0	0	0	0	0	0	0	0	0	0.21319	0	0	0	0.09522	0.06869	0	0	0	0	0	0	0	0	0	0	0	0	0	0	0	0	0	0.12147	0	0	0	0.16626	0.14481	0	0	0	0	0	0.09652	0	0.09348	0	0	0.37774	0	0	0.43245	0	0.04209
143	0	0	0	0	0	0.02854	0	0	0	0.01148	0.03251	0	0	0	0	0	0	0	0	0	0	0	0	0.01747	0	0.00089	0	0.01236	0.12317	0	0	0	0	0	0	0	0	0	0	0.31023	0	0	0	0.11739	0.06849	0	0	0	0	0	0	0	0	0	0	0	0	0	0	0	0	0	0.10248	0	0.00213	0	0.0728	0.09995	0	0	0	0	0	0.07248	0	0.15399	0	0	0.49654	0	0	0.27702	0	0.04199
144	0	0	0	0	0	0.01293	0	0.01588	0	0.04395	0	0	0	0	0	0	0	0	0	0	0	0	0	0.03861	0	0.01248	0	0.00824	0.01126	0	0	0	0	0	0	0	0	0	0	0.34899	0	0.00329	0	0.17073	0.05164	0	0	0	0	0	0	0	0	0	0	0	0	0	0	0	0	0	0.22074	0	0.01725	0	0.00935	0.03513	0	0	0	0	0	0.07286	0	0.07058	0	0	0.57482	0	0	0.28201	0	0.03271
145	0	0	0	0	0	0.11785	0	0	0	0.17014	0.01788	0	0	0	0	0	0	0	0.09283	0.0795	0	0	0	0.00975	0	0	0	0.03467	0	0	0	0	0	0	0	0	0	0	0	0.16806	0	0	0	0.19265	0.00257	0	0	0	0	0	0	0.00307	0	0	0	0.09037	0.01131	0	0	0	0	0	0.0017	0	0	0	0.00769	0	0	0	0	0	0	0.30581	0.17238	0.04436	0	0	0.3632	0	0.1048	0.00938	0	0.03677
146	0	0	0	0	0	0.0725	0	0	0	0.15775	0.02121	0	0	0	0	0	0	0	0.16596	0.04057	0	0	0	0	0	0	0	0.04043	0	0	0	0	0	0	0	0	0	0	0	0.14861	0	0	0	0.22546	0.00639	0	0	0	0	0	0	0	0	0	0	0.06996	0.01425	0	0	0	0	0	0	0	0	0	0.0365	0	0	0	0	0	0	0.25161	0.20668	0.04043	0	0	0.38032	0	0.08432	0.0365	0	0.05111
147	0	0	0	0	0	0.22175	0	0	0	0.08707	0.00464	0	0	0	0.0201	0	0	0	0.15944	0.02037	0	0	0	0	0	0	0	0.00646	0	0	0	0	0	0	0	0	0	0	0	0.1991	0	0	0	0.07573	6e-04	0	0	0	0	0	0	0.02092	0	0	0	0.13453	0.01802	0	0	0	0	0	0	0	0	0	0.03128	0	0	0	0	0	0	0.31339	0.20002	0.00646	0	0	0.27542	0	0.17347	0.03128	0	0.04624
148	0	0	0	0	0	0.02233	0	0.1497	0	0	0	0	0	0	0	0	0.00214	0	0	0	0	0	0	0	0	0.09632	0	0	0	0	0	0	0	0	0	0	0	0	0	0.03169	0	0.54657	0	0	0	0	0	0	0	0	0	0	0	0	0	0	0	0	0	0	0	0	0	0	0.15101	0	0	0	0	0	0	0	0	0.17181	0.00214	0.09632	0	0	0.57849	0	0	0.15101	0	0.03351
149	0	0	0	0	0	0.00068	0	0.03494	0	0	0	0	0	0	0	0	0.34142	0	0	0	0	0	0	0	0	0.26393	0	0	0	0	0	0	0	0	0	0	0	0	0	0	0	0.09857	0	0	0	0	0	0	0	0	0	0	0	0.09511	0	0	0	0	0	0	0	0	0	0	0.16532	0	0	0	0	0	0	0	0	0.03562	0.34142	0.26393	0	0	0.09857	0	0.09511	0.16532	0	0.03357
150	0	0	0	0	0	0	0	0	0	0	0	0	0	0	0	0	0.569	0	0	0	0	0	0	0	0	0.026	0	0	0	0	0	0	0	0	0	0	0	0	0	0	0	0	0	0	0	0	0	0	0	0	0	0	0	0.218	0	0	0	0	0	0	0	0	0	0	0.187	0	0	0	0	0	0	0	0	0	0.569	0.026	0	0	0	0	0.218	0.187	0	0.027
151	0	0	0	0	0	0.16186	0	0.12822	0	0.00151	0	0	0	0	0	0	0	0	0	0	0	0	0	0.03111	0	0	0	0	0	0	0	0	0	0	0	0	0	0	0	0.45679	0	0.17866	0	0.01034	0	0	0	0	0	0	0	0	0	0	0	0	0	0	0	0	0	0	0.03137	0	0	0	0	0	0	0	0	0	0	0.29163	0	0.03111	0	0	0.64581	0	0	0.03137	0	0.02413
152	0	0	0	0	0	0.02114	0	0	0	0.05312	0	0	0	0	0	0	0	0	0.10694	0	0	0	0	0.34633	0	0	0	0.08912	0	0	0	0	0	0	0	0	0	0	0	0.0235	0	0	0	0.09939	0	0	0	0	0	0	0	0	0	0	0	0.01982	0	0	0	0	0	0	0.24056	0	0	0	0	0	0	0	0	0	0	0.07416	0.10694	0.43545	0	0	0.1229	0	0.01982	0.24056	0	0.02605
153	0	0	0	0	0	0	0	0	0	0	0	0	0	0	0	0	0	0	0.25824	0	0	0	0	0	0	0	0	0.33402	0	0	0	0	0	0	0	0	0	0	0	0	0	0	0	0.02048	0	0	0	0	0	0	0	0	0	0	0	0.074	0	0	0	0	0	0	0	0	0	0	0.3135	0	0	0	0	0	0	0	0.25824	0.33402	0	0	0.02048	0	0.074	0.3135	0	0.01848
154	0	0	0	0	0	0	0	0.04728	0	0	0.00826	0	0	0	0	0	0.11931	0	0	0.09778	0	0	0	0	0	0.2875	0	0	0.04668	0	0	0	0	0	0	0	0	0	0	0.00792	0	0.13496	0	0	0.13268	0	0	0	0	0	0	0	0	0.00826	0	0	0.02014	0	0	0	0	0	0	0	0.08458	0	0	0.00431	0	0	0	0	0	0.05554	0.21709	0.33417	0	0	0.27567	0	0.0284	0.089	0	0.05487
155	0	0	0	0	0	0	0	0.17416	0	0	0.00248	0	0	0	0	0	0.00618	0	0	0	0	0	0	0	0	0.70105	0	0	0.01011	0	0	0	0	0	0	0	0	0	0	0	0	0.03947	0	0	0.0067	0	0	0	0	0	0	0	0	0	0	0	0	0	0	0	0	0	0	0	0.05975	0	0	0	0	0	0	0	0	0.17664	0.00618	0.71114	0	0	0.04616	0	0	0.05975	0	0.03676
156	0	0	0	0	0	0	0	0.01797	0	0	0.04232	0	0	0	0	0	0	0	0	0	0	0	0	0	0	0.51533	0	0	0.09455	0	0	0	0	0	0	0	0	0	0	0	0	0	0	0	0.00754	0	0	0	0	0	0	0	0	0	0	0	0	0	0	0	0	0	0	0	0.31243	0	0	0.01006	0	0	0	0	0	0.0603	0	0.60947	0	0	0.00754	0	0	0.32249	0	0.02034
157	0	0	0	0	0	0	0	0.16483	0	0.05273	0.44077	0	0	0	0	0	0	0	0	0.03011	0	0	0	0	0	0	0	0	0.00193	0	0	0	0	0	0	0	0	0	0	0.0667	0	0.00687	0	0.00291	0.15811	0	0	0	0	0	0	0	0	0	0	0	0.07524	0	0	0	0	0	0	0	0	0	0	0	0	0	0	0	0	0.65844	0.03011	0.00193	0	0	0.23447	0	0.07524	0	0	0.04044
158	0	0	0	0	0	0	0	0.05514	0	0	0.41423	0	0	0	0	0	0	0	0	0.1472	0	0	0	0	0	0	0	0	0.19104	0	0	0	0	0	0	0	0	0	0	0	0	0	0	0	0.07296	0	0	0	0	0	0	0	0	0	0	0	0.03637	0	0	0	0	0	0	0	0	0	0	0.08329	0	0	0	0	0	0.46937	0.1472	0.19104	0	0	0.07296	0	0.03637	0.08329	0	0.03922
159	0	0	0	0	0	0	0	0	0	0	0.249	0	0	0	0	0	0	0	0	0.243	0	0	0	0	0	0	0	0	0.187	0	0	0	0	0	0	0	0	0	0	0	0	0	0	0	0	0	0	0	0	0	0	0	0	0	0	0	0	0	0	0	0	0	0	0	0	0	0	0.321	0	0	0	0	0	0.249	0.243	0.187	0	0	0	0	0	0.321	0	0.02
160	0	0	0	0	0	0.00385	0.02976	0	0.04149	0.24825	0.11952	0	0	0	0	0.00969	0	0	0.00624	0.00538	0	0	0	0	0.004	0	0	0.02578	0.01157	0	0	0	0	0	0	0	0	0	0	0.00802	0.04504	0	0.0614	0.14942	0.16207	0	0	0	0	0	0	0	0.00698	0	0	0.00331	0.01868	0	0	0	0	0	0	0.00214	0	0.00033	0.02019	0.01703	0	0	0	0	0	0.4428	0.02127	0.0414	0	0	0.42596	0	0.02893	0.03968	0	0.05664
161	0	0	0	0	0	0.01032	0.02087	0	0.05147	0.1611	0.08037	0	0	0	0	0.01729	0	0	0.01838	0.02995	0	0	0	0	0.0032	0	0.00698	0.01317	0.01392	0	0	0	0	0	0	0	0	0	0	0.01132	0.06789	0	0.06287	0.13439	0.19854	0	0	0	0	0	0	0	0.01754	0	0	0.01017	0.02902	0	0	0	0	0	0	0.00287	0	0.00327	0.00437	0.03126	0	0	0	0	0	0.32405	0.06556	0.03718	0	0	0.47494	0	0.05667	0.0417	0	0.05844
162	0	0	0	0	0	0.0186	0.04048	0	0.02404	0.11365	0.06494	0	0	0	0	0.00767	0	0	0.0156	0.01259	0	0	0	0	0.01352	0	0.01178	0.00392	0.00611	0	0	0	0	0	0	0	0	0	0	0.00913	0.09448	0	0.01161	0.11249	0.32557	0	0	0	0	0	0	0	0.0186	0	0	0.00286	0.04263	0	0	0	0	0	0	0.01396	0	0.01715	0	0.01856	0	0	0	0	0	0.26191	0.0358	0.03534	0	0	0.55318	0	0.0641	0.04967	0	0.04535
163	0	0	0	0	0	0	0	0	0	0.26347	0.041	0	0	0	0	0	0	0	0.04365	0.05195	0	0	0	0	0	0	0	0.00401	0.00439	0	0	0	0	0	0	0	0	0	0	0	0	0	0	0.27361	0.11152	0	0	0	0	0	0	0	0	0	0	0.07232	0.06303	0	0	0	0	0	0	0	0	0	0.03818	0.03288	0	0	0	0	0	0.30446	0.09555	0.0084	0	0	0.38509	0	0.13532	0.07106	0	0.03102
164	0	0	0	0	0	0	0	0	0	0.40519	0.01444	0	0	0	0	0	0	0	0.25058	0.0059	0	0	0	0	0	0	0	0.00503	0.01237	0	0	0	0	0	0	0	0	0	0	0	0	0	0	0.1855	0.00792	0	0	0	0	0	0	0	0	0	0	0.0817	0.01862	0	0	0	0	0	0	0	0	0	0.00495	0.00773	0	0	0	0	0	0.41963	0.25646	0.01743	0	0	0.19345	0	0.10031	0.01265	0	0.04024
165	0	0	0	0	0	0	0	0	0	0.16914	0.03076	0	0	0	0.00338	0	0	0	0.55575	0	0	0	0	0	0	0	0	0.02363	0.02602	0	0	0	0	0	0	0	0	0	0	0	0	0	0	0.0547	0	0	0	0	0	0	0	0	0	0	0	0.08887	0	0	0	0	0	0	0	0	0	0	0.04146	0.0066	0	0	0	0	0	0.2	0.55913	0.04966	0	0	0.0547	0	0.08887	0.04791	0	0.03429
166	0	0	0	0	0	0	0	0	0	0.44083	0	0	0	0	0	0	0	0	0.00208	0	0	0	0	0	0	0	0	0	0	0	0	0	0	0	0	0	0	0	0	0	0	0	0	0.53951	0	0	0	0	0	0	0	0	0	0	0	0.01744	0	0	0	0	0	0	0	0	0	0	0	0	0	0	0	0	0	0.44083	0.00208	0	0	0	0.53951	0	0.01744	0	0	0.06397
167	0	0	0	0	0	0	0	0	0	0.35418	0	0	0	0	0	0	0	0	0.01549	0	0	0	0	0	0	0	0	0	0	0	0	0	0	0	0	0	0	0	0	0	0	0	0	0.50823	0	0	0	0	0	0	0	0	0	0	0	0.12163	0	0	0	0	0	0	0	0	0	0	0	0	0	0	0	0	0	0.35418	0.01549	0	0	0	0.50823	0	0.12163	0	0	0.06243
168	0	0	0	0	0	0	0	0	0	0.36515	0	0	0	0	0	0	0	0	0.00067	0	0	0	0	0	0	0	0	0	0	0	0	0	0	0	0	0	0	0	0	0	0	0	0	0.51218	0	0	0	0	0	0	0	0	0	0	0	0.12216	0	0	0	0	0	0	0	0	0	0	0	0	0	0	0	0	0	0.36515	0.00067	0	0	0	0.51218	0	0.12216	0	0	0.05432
169	0	0	0	0	0.00096	0	0	0	0	0.06101	0.04742	0	0	0	0	0	0	0	0.00501	0.00068	0	0	0.00027	0	0	0	0	0.00598	0	0	0	0	0	0	0	0	0	0.22768	0	0	0	0	0	0.34078	0.23768	0	0	0	0	0	0.0047	0	0	0	0	0.00892	0.00166	0	0	0	0.00713	0	0	0	0	0	0.03916	0.01099	0	0	0	0	0	0.10935	0.00569	0.00625	0	0	0.80612	0	0.01529	0.05731	0	0.02911
170	0	0	0	0	0.00161	0	0	0	0	0.1649	0.02918	0	0	0	0	0	0	0	0.0399	0.00745	0	0	8e-05	0	0	0	0	0.00561	0.00518	0	0	0	0	0	0	0	0	0.09367	0	0	0	0	0	0.41043	0.15486	0	0	0	0	0	0.00062	0	0	0	0	0.04252	0.02608	0	0	0	0.00184	0	0	0	0	0	0.00732	0.00881	0	0	0	0	0	0.19571	0.04734	0.01087	0	0	0.65896	0	0.06923	0.01795	0	0.02997
171	0	0	0	0	0.00171	0	0	0	0	0.21913	0.01368	0	0	0	0	0	0	0	0.04387	0.00704	0	0	0	0	0	0	0	0.007	0.00013	0	0	0	0	0	0	0	0	0.07267	0	0	0	0	0	0.34671	0.13916	0	0	0	0	0	0	0	0	0	0	0.09261	0.04661	0	0	0	0	0	0	0	0	0	0.0084	0.00126	0	0	0	0	0	0.23445	0.0509	0.00712	0	0	0.55854	0	0.13922	0.00967	0	0.02506
