tc_id	svc_id	fraction
1	2	0.05241
1	3	0.00217
1	4	0.03179
1	7	0.36471
1	8	1e-04
1	9	0.01807
1	10	0.53077
2	2	0.01695
2	3	0.00202
2	4	0.01006
2	7	0.35629
2	8	0.00222
2	9	0.01305
2	10	0.59942
3	2	0.01253
3	3	0.00266
3	4	0.00855
3	7	0.31297
3	8	0.00897
3	9	0.02114
3	10	0.63316
4	2	0.04122
4	3	0.00856
4	4	0.04195
4	7	0.35227
4	9	0.029
4	10	0.52697
5	2	0.04032
5	3	0.01365
5	4	0.01454
5	7	0.4341
5	9	0.04996
5	10	0.44735
6	2	0.04591
6	3	0.00947
6	4	0.01592
6	7	0.46203
6	9	0.04577
6	10	0.42088
7	2	0.10144
7	3	0.00279
7	4	0.00785
7	7	0.78007
7	9	0.00738
7	10	0.10045
8	2	0.13296
8	3	0.0049
8	4	0.01165
8	7	0.75892
8	9	0.01043
8	10	0.08112
9	2	0.12908
9	3	0.0075
9	4	0.01417
9	7	0.74054
9	9	0.01613
9	10	0.09258
10	2	0.13198
10	3	0.00059
10	4	0.00428
10	7	0.80352
10	9	0.01353
10	10	0.04613
11	2	0.14348
11	3	0.00319
11	4	0.00713
11	7	0.75691
11	9	0.02686
11	10	0.06238
12	2	0.15907
12	3	0.01448
12	4	0.0111
12	7	0.70905
12	9	0.03471
12	10	0.07161
13	2	0.11948
13	3	0.0082
13	4	0.06777
13	7	0.44216
13	9	0.02305
13	10	0.33929
14	2	0.14562
14	3	0.00335
14	4	0.09223
14	7	0.34429
14	9	0.0364
14	10	0.37822
15	2	0.09379
15	3	0.01407
15	4	0.11927
15	7	0.27121
15	9	0.02479
15	10	0.47694
16	2	0.09848
16	4	0.01189
16	7	0.81037
16	9	0.00291
16	10	0.0764
17	2	0.19034
17	3	0.00868
17	4	0.0108
17	7	0.72321
17	9	0.01371
17	10	0.05328
18	2	0.25224
18	3	0.02271
18	4	0.02192
18	7	0.59409
18	9	0.05822
18	10	0.05086
19	2	0.04482
19	3	0.00632
19	4	0.11141
19	7	0.33001
19	9	0.05355
19	10	0.45389
20	2	0.08848
20	3	0.01063
20	4	0.14886
20	7	0.26233
20	9	0.04324
20	10	0.44649
21	2	0.13866
21	4	0.1444
21	7	0.29746
21	9	0.0175
21	10	0.40206
22	2	0.07744
22	7	0.85808
22	9	0.01742
22	10	0.04711
23	2	0.1844
23	3	0.00032
23	4	0.05622
23	7	0.66141
23	9	0.01848
23	10	0.07914
24	2	0.23323
24	4	0.23584
24	7	0.41452
24	9	0.00635
24	10	0.11003
25	2	0.12804
25	3	0.00705
25	4	0.0993
25	7	0.30061
25	9	0.09151
25	10	0.37359
26	2	0.05823
26	3	0.00612
26	4	0.42852
26	7	0.14846
26	9	0.0947
26	10	0.26408
27	3	0.01871
27	4	0.31411
27	9	0.26571
27	10	0.40146
28	2	0.15853
28	4	0.04213
28	7	0.69737
28	9	0.01195
28	10	0.08997
29	2	0.24029
29	3	0.04485
29	4	0.04606
29	7	0.52503
29	9	0.05878
29	10	0.08498
30	2	0.27667
30	3	0.09333
30	4	0.06417
30	7	0.40867
30	9	0.103
30	10	0.054
31	2	0.08205
31	3	0.03095
31	4	0.04722
31	7	0.55188
31	9	0.05804
31	10	0.22984
32	2	0.07473
32	3	0.05799
32	4	0.12441
32	7	0.39841
32	9	0.09113
32	10	0.25345
33	2	0.07308
33	3	0.01428
33	4	0.59043
33	7	0.08543
33	9	0.0242
33	10	0.2126
34	2	0.1273
34	3	0.03218
34	4	0.25019
34	7	0.28254
34	9	0.04585
34	10	0.26203
35	2	0.14849
35	3	0.04007
35	4	0.22532
35	7	0.23686
35	9	0.06289
35	10	0.28644
36	2	0.08733
36	3	0.07767
36	4	0.299
36	7	0.13833
36	9	0.09267
36	10	0.305
37	2	0.14727
37	3	0.01499
37	4	0.23083
37	7	0.15195
37	9	0.02406
37	10	0.43087
38	2	0.10909
38	3	0.02626
38	4	0.158
38	7	0.23322
38	9	0.01377
38	10	0.45971
39	2	0.12453
39	3	0.00247
39	4	0.13266
39	7	0.19359
39	9	0.00228
39	10	0.54434
40	2	0.08965
40	4	0.11276
40	7	0.49525
40	10	0.30213
41	2	0.10321
41	4	0.04816
41	7	0.50562
41	10	0.34294
42	2	0.11657
42	4	0.05667
42	7	0.5412
42	10	0.28556
43	2	0.14074
43	4	0.00749
43	7	0.7192
43	10	0.13256
44	2	0.16633
44	4	0.01657
44	7	0.72703
44	10	0.09005
45	2	0.16118
45	4	0.00615
45	7	0.77642
45	10	0.05629
46	2	0.31586
46	3	0.00523
46	4	0.00819
46	7	0.58247
46	9	0.06408
46	10	0.0242
47	2	0.41288
47	3	0.02196
47	4	0.07923
47	7	0.36117
47	9	0.06414
47	10	0.06063
48	2	0.46225
48	3	0.04242
48	4	0.14258
48	7	0.21508
48	9	0.04567
48	10	0.09192
49	2	0.0784
49	4	0.18608
49	7	0.24619
49	9	0.00278
49	10	0.48641
50	2	0.07839
50	4	0.17314
50	7	0.37214
50	10	0.37633
51	2	0.1215
51	4	0.1355
51	7	0.2665
51	10	0.4765
52	2	0.07695
52	3	0.0394
52	4	0.1069
52	7	0.41683
52	9	0.09482
52	10	0.26516
53	2	0.11443
53	3	0.04515
53	4	0.20947
53	7	0.19739
53	9	0.10401
53	10	0.32961
54	2	0.22083
54	3	0.03084
54	4	0.27091
54	7	0.131
54	9	0.10573
54	10	0.24092
55	2	0.17006
55	3	0.0152
55	4	0.10469
55	7	0.50347
55	9	0.06558
55	10	0.14105
56	2	0.3835
56	3	0.11882
56	4	0.06809
56	7	0.25369
56	9	0.09151
56	10	0.08438
57	2	0.3521
57	3	0.15133
57	4	0.05278
57	7	0.27289
57	9	0.07029
57	10	0.10061
58	2	0.06872
58	3	4e-05
58	4	0.00336
58	7	0.83719
58	9	0.0158
58	10	0.07487
59	2	0.10943
59	3	0.0045
59	4	0.01296
59	7	0.76919
59	9	0.02914
59	10	0.07477
60	2	0.12748
60	3	0.01262
60	4	0.02696
60	7	0.72776
60	9	0.0466
60	10	0.0586
61	2	0.53163
61	3	0.02963
61	4	0.04675
61	5	0.0374
61	7	0.30578
61	9	0.00542
61	10	0.02756
61	11	0.01582
62	2	0.54661
62	3	0.05987
62	4	0.03671
62	5	0.07807
62	7	0.24
62	9	0.00811
62	10	0.02482
62	11	0.00583
63	2	0.49105
63	3	0.07588
63	4	0.04148
63	5	0.09074
63	7	0.27732
63	9	0.00382
63	10	0.01063
63	11	0.00906
64	2	0.49323
64	3	0.01203
64	4	0.07261
64	5	0.00785
64	7	0.33512
64	9	0.01289
64	10	0.04458
64	11	0.0217
65	2	0.68504
65	3	0.04981
65	4	0.01821
65	5	0.00223
65	7	0.22234
65	9	0.01017
65	10	0.01001
65	11	0.00215
66	2	0.68708
66	3	0.05076
66	7	0.24942
66	9	0.01265
67	2	0.18021
67	3	0.05904
67	4	0.12838
67	7	0.44224
67	9	0.12005
67	10	0.06999
68	2	0.34329
68	3	0.08464
68	4	0.30476
68	7	0.16541
68	9	0.04311
68	10	0.05893
69	2	0.5173
69	3	0.03512
69	4	0.25511
69	7	0.15428
69	9	0.01677
69	10	0.02145
70	2	0.05537
70	3	8e-05
70	4	0.069
70	7	0.4681
70	9	0.00797
70	10	0.39946
71	2	0.07996
71	3	0.02745
71	4	0.14811
71	7	0.29776
71	9	0.047
71	10	0.39969
72	2	0.09409
72	3	0.09809
72	4	0.23213
72	7	0.13609
72	9	0.15894
72	10	0.28065
73	2	0.26578
73	3	0.01655
73	4	0.03626
73	7	0.58543
73	9	0.03688
73	10	0.05903
74	2	0.41543
74	3	0.06866
74	4	0.05275
74	7	0.35961
74	9	0.05607
74	10	0.04745
75	2	0.38012
75	3	0.15463
75	4	0.05761
75	7	0.28959
75	9	0.09605
75	10	0.02201
76	2	0.03119
76	3	0.00376
76	4	0.00694
76	7	0.54475
76	9	0.02592
76	10	0.38752
77	2	0.04785
77	3	0.0045
77	4	0.01657
77	7	0.48003
77	9	0.02067
77	10	0.43047
78	2	0.02886
78	3	0.01609
78	4	0.05971
78	7	0.32468
78	9	0.05443
78	10	0.51629
79	2	0.5458
79	3	0.06098
79	4	0.04773
79	5	0.00255
79	7	0.25661
79	9	0.05097
79	10	0.03415
79	11	0.00126
80	2	0.5994
80	3	0.13666
80	4	0.06006
80	5	0.01205
80	7	0.14923
80	9	0.02576
80	10	0.01221
80	11	0.00458
81	2	0.58399
81	3	0.17509
81	4	0.02874
81	5	0.01843
81	7	0.15808
81	9	0.01402
81	10	0.01591
81	11	0.00573
82	2	0.31612
82	3	0.01266
82	4	0.02089
82	7	0.56188
82	9	0.03584
82	10	0.0526
83	2	0.51039
83	3	0.07007
83	4	0.00137
83	7	0.3334
83	9	0.05709
83	10	0.02771
84	2	0.46517
84	3	0.1097
84	4	0.02778
84	7	0.29767
84	9	0.08874
84	10	0.01103
85	2	0.36284
85	3	0.02386
85	4	0.03724
85	5	0.00139
85	7	0.44346
85	9	0.02712
85	10	0.08248
85	11	0.02155
86	2	0.40918
86	3	0.04211
86	4	0.05935
86	5	0.01206
86	7	0.3737
86	9	0.03407
86	10	0.06061
86	11	0.00888
87	1	0.00018
87	2	0.42813
87	3	0.05062
87	4	0.07636
87	5	0.02575
87	6	0.00025
87	7	0.31202
87	9	0.03483
87	10	0.06106
87	11	0.01084
88	2	0.37472
88	3	0.07863
88	4	0.03377
88	5	0.01169
88	7	0.40677
88	9	0.03734
88	10	0.05176
88	11	0.00537
89	2	0.48094
89	3	0.062
89	4	0.01953
89	5	0.0198
89	7	0.35969
89	9	0.02531
89	10	0.02393
89	11	0.00873
90	2	0.51259
90	3	0.05227
90	4	0.00388
90	5	0.04039
90	7	0.33971
90	9	0.03554
90	10	0.00626
90	11	0.00936
91	2	0.3616
91	3	0.02786
91	4	0.05332
91	5	0.00074
91	7	0.48119
91	9	0.00347
91	10	0.07116
91	11	0.00049
92	2	0.38167
92	3	0.04049
92	4	0.05121
92	5	7e-04
92	7	0.46042
92	9	0.01091
92	10	0.0495
92	11	0.00506
93	2	0.49688
93	3	0.04877
93	4	0.04176
93	5	0.00714
93	7	0.35622
93	9	0.01989
93	10	0.0267
93	11	0.00265
94	2	0.327
94	4	0.00298
94	7	0.65252
94	10	0.01757
95	2	0.31326
95	4	0.00967
95	7	0.66918
95	10	0.00789
96	2	0.21367
96	7	0.76967
96	10	0.01667
97	2	0.09944
97	4	0.0108
97	7	0.8367
97	10	0.05316
98	2	0.17027
98	4	0.01338
98	7	0.77539
98	10	0.0409
99	2	0.22751
99	4	0.01392
99	7	0.70274
99	10	0.05583
100	2	0.33915
100	3	0.04006
100	4	0.06901
100	7	0.29857
100	9	0.07945
100	10	0.17366
101	2	0.31802
101	3	0.11952
101	4	0.0691
101	7	0.34441
101	9	0.0749
101	10	0.07379
102	2	0.30668
102	3	0.19876
102	4	0.18806
102	7	0.16303
102	9	0.04515
102	10	0.09829
103	2	0.37456
103	3	0.01315
103	4	0.01658
103	7	0.44768
103	9	0.10508
103	10	0.04303
104	2	0.26107
104	3	0.03377
104	4	0.08252
104	7	0.46266
104	9	0.13752
104	10	0.02244
105	2	0.26824
105	3	0.06074
105	4	0.10203
105	7	0.43787
105	9	0.09405
105	10	0.03691
106	2	0.2238
106	4	0.00728
106	7	0.727
106	10	0.04196
107	2	0.24324
107	4	0.04588
107	7	0.58896
107	10	0.12186
108	2	0.19875
108	4	0.0075
108	7	0.50925
108	10	0.2845
109	2	0.2057
109	4	0.00131
109	7	0.72432
109	10	0.06863
110	2	0.2167
110	3	0.00172
110	4	0.00787
110	7	0.74996
110	9	0.00712
110	10	0.0166
111	2	0.35482
111	4	0.00741
111	7	0.63033
111	9	0.0013
111	10	0.00613
112	2	0.07239
112	3	0.10132
112	4	0.0025
112	7	0.69546
112	9	0.0475
112	10	0.08083
113	2	0.23069
113	3	0.56814
113	4	0.00493
113	7	0.15062
113	9	0.04571
114	2	0.17629
114	3	0.65179
114	4	0.01479
114	7	0.02
114	9	0.13714
115	2	0.10918
115	3	0.00418
115	4	0.00303
115	7	0.80687
115	9	0.03025
115	10	0.0465
116	2	0.14523
116	3	0.02196
116	4	0.01241
116	7	0.68047
116	9	0.06257
116	10	0.0774
117	2	0.10955
117	3	0.0625
117	4	0.02315
117	7	0.53929
117	9	0.068
117	10	0.19752
118	2	0.12394
118	4	0.00048
118	7	0.825
118	9	0.00076
118	10	0.04974
119	2	0.1963
119	4	0.00636
119	5	0.00127
119	7	0.75546
119	9	0.00801
119	10	0.03152
119	11	0.00106
120	2	0.19133
120	4	0.00392
120	7	0.74117
120	9	0.04067
120	10	0.023
121	2	0.4232
121	3	0.05503
121	4	0.04822
121	5	0.01988
121	7	0.37417
121	9	0.02678
121	10	0.05148
121	11	0.00126
122	2	0.56721
122	3	0.12873
122	4	0.04151
122	5	0.01208
122	7	0.22549
122	9	0.01527
122	10	0.00942
122	11	0.00036
123	2	0.57375
123	3	0.1201
123	4	0.00719
123	7	0.24936
123	9	0.04966
124	2	0.36793
124	4	0.07496
124	7	0.41784
124	9	0.0147
124	10	0.12462
125	2	0.41971
125	3	0.01775
125	4	0.05899
125	7	0.36624
125	9	0.031
125	10	0.10623
126	2	0.37919
126	3	0.01187
126	4	0.01364
126	7	0.47383
126	9	0.04662
126	10	0.07468
127	2	0.4008
127	3	0.05898
127	4	0.11382
127	7	0.30289
127	9	0.05302
127	10	0.07059
128	2	0.41156
128	3	0.09242
128	4	0.10376
128	7	0.27844
128	9	0.05196
128	10	0.06191
129	1	0.00901
129	2	0.39681
129	3	0.12755
129	4	0.1053
129	6	0.00276
129	7	0.23687
129	9	0.06834
129	10	0.05338
130	2	0.60259
130	4	0.05348
130	7	0.33417
130	10	0.00988
131	2	0.29759
131	7	0.70241
132	2	0.03525
132	7	0.96475
133	2	0.12328
133	4	0.14513
133	7	0.56105
133	10	0.17054
134	2	0.35178
134	4	0.04814
134	7	0.43848
134	10	0.16151
135	2	0.63517
135	4	0.01198
135	7	0.33052
135	9	0.00821
135	10	0.01414
136	2	0.12856
136	4	0.11354
136	7	0.39702
136	10	0.36073
137	2	0.13881
137	4	0.15577
137	7	0.3359
137	10	0.36948
138	2	0.06288
138	3	0.00728
138	4	0.14653
138	7	0.40451
138	9	0.0234
138	10	0.35554
139	2	0.01628
139	4	0.21635
139	7	0.21079
139	10	0.55673
140	2	0.02021
140	4	0.22636
140	7	0.25132
140	10	0.50214
141	2	0.08119
141	4	0.22726
141	7	0.34828
141	10	0.34334
142	2	0.09652
142	4	0.09348
142	7	0.37774
142	10	0.43245
143	2	0.07248
143	4	0.15399
143	7	0.49654
143	10	0.27702
144	2	0.07286
144	4	0.07058
144	7	0.57482
144	10	0.28201
145	2	0.30581
145	3	0.17238
145	4	0.04436
145	7	0.3632
145	9	0.1048
145	10	0.00938
146	2	0.25161
146	3	0.20668
146	4	0.04043
146	7	0.38032
146	9	0.08432
146	10	0.0365
147	2	0.31339
147	3	0.20002
147	4	0.00646
147	7	0.27542
147	9	0.17347
147	10	0.03128
148	2	0.17181
148	3	0.00214
148	4	0.09632
148	7	0.57849
148	10	0.15101
149	2	0.03562
149	3	0.34142
149	4	0.26393
149	7	0.09857
149	9	0.09511
149	10	0.16532
150	3	0.569
150	4	0.026
150	9	0.218
150	10	0.187
151	2	0.29163
151	4	0.03111
151	7	0.64581
151	10	0.03137
152	2	0.07416
152	3	0.10694
152	4	0.43545
152	7	0.1229
152	9	0.01982
152	10	0.24056
153	3	0.25824
153	4	0.33402
153	7	0.02048
153	9	0.074
153	10	0.3135
154	2	0.05554
154	3	0.21709
154	4	0.33417
154	7	0.27567
154	9	0.0284
154	10	0.089
155	2	0.17664
155	3	0.00618
155	4	0.71114
155	7	0.04616
155	10	0.05975
156	2	0.0603
156	4	0.60947
156	7	0.00754
156	10	0.32249
157	2	0.65844
157	3	0.03011
157	4	0.00193
157	7	0.23447
157	9	0.07524
158	2	0.46937
158	3	0.1472
158	4	0.19104
158	7	0.07296
158	9	0.03637
158	10	0.08329
159	2	0.249
159	3	0.243
159	4	0.187
159	10	0.321
160	2	0.4428
160	3	0.02127
160	4	0.0414
160	7	0.42596
160	9	0.02893
160	10	0.03968
161	2	0.32405
161	3	0.06556
161	4	0.03718
161	7	0.47494
161	9	0.05667
161	10	0.0417
162	2	0.26191
162	3	0.0358
162	4	0.03534
162	7	0.55318
162	9	0.0641
162	10	0.04967
163	2	0.30446
163	3	0.09555
163	4	0.0084
163	7	0.38509
163	9	0.13532
163	10	0.07106
164	2	0.41963
164	3	0.25646
164	4	0.01743
164	7	0.19345
164	9	0.10031
164	10	0.01265
165	2	0.2
165	3	0.55913
165	4	0.04966
165	7	0.0547
165	9	0.08887
165	10	0.04791
166	2	0.44083
166	3	0.00208
166	7	0.53951
166	9	0.01744
167	2	0.35418
167	3	0.01549
167	7	0.50823
167	9	0.12163
168	2	0.36515
168	3	0.00067
168	7	0.51218
168	9	0.12216
169	2	0.10935
169	3	0.00569
169	4	0.00625
169	7	0.80612
169	9	0.01529
169	10	0.05731
170	2	0.19571
170	3	0.04734
170	4	0.01087
170	7	0.65896
170	9	0.06923
170	10	0.01795
171	2	0.23445
171	3	0.0509
171	4	0.00712
171	7	0.55854
171	9	0.13922
171	10	0.00967
