Specification of soil-vegetation components (links soter, terrain component, soil and vegetation properties)
For each block: first line Soil IDs, Second line Land use, third line fraction of SVCs in each terrain component
Subasin-ID[id]	LU-ID[id]	TC-ID[id]	fraction_rocky[-]	nbrSVC[-]	Soil-ID(n_values)[-]	Vegetation-ID(n_values)[-]	fraction(n_values)[-]
1	1	1	0	5	11	27	27	27	27
1	1	1	0	5	18	1	12	16	17
1	1	1	0	5	0.0525281884239539	0.0318616887997996	0.365532448008018	0.0181107491856678	0.531966925582561
1	1	2	0	5	11	27	27	27	27
1	1	2	0	5	18	1	12	16	17
1	1	2	0	5	0.0170220030729988	0.0101027345672193	0.357803508842403	0.0131054359942557	0.601966317523123
1	1	3	0	4	11	27	27	27
1	1	3	0	4	18	12	16	17
1	1	3	0	4	0.0127883241477853	0.319422331087977	0.0215758318024087	0.646213512961829
1	2	4	0	5	11	27	27	27	27
1	2	4	0	5	18	1	12	16	17
1	2	4	0	5	0.0415771476987321	0.0423134727307572	0.355322217851343	0.0292512683955175	0.53153589332365
1	2	5	0	6	11	27	27	27	27	27
1	2	5	0	6	18	0	1	12	16	17
1	2	5	0	6	0.0403232258580686	0.013651092087367	0.0145411632930634	0.434134730778462	0.0499639971197696	0.447385790863269
1	2	6	0	5	11	27	27	27	27
1	2	6	0	5	18	1	12	16	17
1	2	6	0	5	0.0463498601730422	0.0160725282935054	0.466456673834691	0.0462085188438279	0.424912418854933
1	3	7	0	3	11	27	27
1	3	7	0	3	18	12	17
1	3	7	0	3	0.103303596887857	0.794400993930506	0.102295409181637
1	3	8	0	5	11	27	27	27	27
1	3	8	0	5	18	1	12	16	17
1	3	8	0	5	0.133617397596173	0.0117076013988825	0.762672347951923	0.0104815693210596	0.0815210837319612
1	3	9	0	5	11	27	27	27	27
1	3	9	0	5	18	1	12	16	17
1	3	9	0	5	0.130055415617128	0.0142770780856423	0.746136020151134	0.0162518891687657	0.09327959697733
1	4	10	0	4	11	27	27	27
1	4	10	0	4	18	12	16	17
1	4	10	0	4	0.132621889947345	0.807427951284216	0.0135958036898589	0.0463543550785803
1	4	11	0	4	11	27	27	27
1	4	11	0	4	18	12	16	17
1	4	11	0	4	0.144983478673848	0.764841405373725	0.0271414569081374	0.0630336590442893
1	4	12	0	6	11	27	27	27	27	27
1	4	12	0	6	18	0	1	12	16	17
1	4	12	0	6	0.159066818663627	0.0144797104057919	0.0110997780044399	0.709035819283614	0.0347093058138837	0.0716085678286434
1	5	13	0	5	11	27	27	27	27
1	5	13	0	5	18	1	12	16	17
1	5	13	0	5	0.120473909755483	0.0683337534660953	0.445838164860096	0.0232417443912276	0.342112427527099
1	5	14	0	5	11	27	27	27	27
1	5	14	0	5	18	1	12	16	17
1	5	14	0	5	0.146093342429472	0.0925297965407922	0.345409125566837	0.0365183193547093	0.379449416108191
1	5	15	0	6	11	27	27	27	27	27
1	5	15	0	6	18	0	1	12	16	17
1	5	15	0	6	0.0937834351595388	0.0140690151689382	0.119261651684382	0.271191016628836	0.0247882648214625	0.476906616536842
1	6	16	0	4	11	27	27	27
1	6	16	0	4	18	1	12	17
1	6	16	0	4	0.098762460637423	0.0119241029343924	0.812694305714343	0.0766191307138416
1	6	17	0	5	11	27	27	27	27
1	6	17	0	5	18	1	12	16	17
1	6	17	0	5	0.19200274376097	0.010894345027942	0.729527709968326	0.0138297657715819	0.0537454354711804
1	6	18	0	6	11	27	27	27	27	27
1	6	18	0	6	18	0	1	12	16	17
1	6	18	0	6	0.252229910803568	0.0227090916363345	0.0219191232350706	0.594066237350506	0.0582176712931483	0.0508579656813727
1	7	19	0	5	11	27	27	27	27
1	7	19	0	5	18	1	12	16	17
1	7	19	0	5	0.0451050640045085	0.112118589485549	0.332108928427663	0.0538905885194429	0.456776829562837
1	7	20	0	6	11	27	27	27	27	27
1	7	20	0	6	18	0	1	12	16	17
1	7	20	0	6	0.0884773456796296	0.0106296811095667	0.14885553433397	0.26232213033609	0.0432387028389148	0.446476605701829
1	7	21	0	5	11	27	27	27	27
1	7	21	0	5	18	1	12	16	17
1	7	21	0	5	0.138648908087353	0.144388448924086	0.297436205103592	0.017498600111991	0.402027837772978
1	8	22	0	4	11	27	27	27
1	8	22	0	4	18	12	16	17
1	8	22	0	4	0.0774361281935903	0.858037098145093	0.0174191290435478	0.0471076446177691
1	8	23	0	5	11	27	27	27	27
1	8	23	0	5	18	1	12	16	17
1	8	23	0	5	0.184464562596909	0.0562396838893613	0.661641574551093	0.0184864702645926	0.0791677086980443
1	8	24	0	4	11	27	27	27
1	8	24	0	4	18	1	12	17
1	8	24	0	4	0.234727561844568	0.237354320565206	0.417181618727481	0.110736498862744
1	9	25	0	5	11	27	27	27	27
1	9	25	0	5	18	1	12	16	17
1	9	25	0	5	0.128936105936257	0.0999949650067972	0.302713861336287	0.0921504455968984	0.37620462212376
1	9	26	0	5	11	27	27	27	27
1	9	26	0	5	18	1	12	16	17
1	9	26	0	5	0.0585820782905261	0.431110976971599	0.149357639412871	0.095272588255415	0.265676717069588
1	9	27	0	4	27	27	27	27
1	9	27	0	4	0	1	16	17
1	9	27	0	4	0.018710187101871	0.314113141131411	0.265712657126571	0.401464014640146
1	10	28	0	5	11	27	27	27	27
1	10	28	0	5	18	1	12	16	17
1	10	28	0	5	0.158537926896345	0.0421321066053303	0.697404870243512	0.0119505975298765	0.0899744987249362
1	10	29	0	6	11	27	27	27	27	27
1	10	29	0	6	18	0	1	12	16	17
1	10	29	0	6	0.240292402924029	0.044850448504485	0.046060460604606	0.525035250352504	0.0587805878058781	0.0849808498084981
1	10	30	0	6	11	27	27	27	27	27
1	10	30	0	6	18	0	1	12	16	17
1	10	30	0	6	0.276714274283885	0.0933449351896303	0.0641802688430149	0.408735397663626	0.103016482637222	0.0540086413826212
1	11	31	0	6	11	27	27	27	27	27
1	11	31	0	6	18	0	1	12	16	17
1	11	31	0	6	0.0820516410328207	0.0309506190123802	0.0472209444188884	0.551891037820756	0.0580411608232165	0.229844596891938
1	11	32	0	6	11	27	27	27	27	27
1	11	32	0	6	18	0	1	12	16	17
1	11	32	0	6	0.0747210334759829	0.0579830420349558	0.124395072591289	0.398362196536416	0.0911190657121146	0.253419589649242
1	11	33	0	6	11	27	27	27	27	27
1	11	33	0	6	18	0	1	12	16	17
1	11	33	0	6	0.0730785384292314	0.0142797144057119	0.590418191636167	0.0854282914341713	0.0241995160096798	0.212595748085038
1	12	34	0	6	11	27	27	27	27	27
1	12	34	0	6	18	0	1	12	16	17
1	12	34	0	6	0.127288544031037	0.0321771040606345	0.250167484926357	0.282514573688368	0.0458458738713516	0.262006419422252
1	12	35	0	6	11	27	27	27	27	27
1	12	35	0	6	18	0	1	12	16	17
1	12	35	0	6	0.14847960642755	0.0400671952963293	0.225304228703991	0.236843420960533	0.0628855980081394	0.286419950603458
1	12	36	0	6	11	27	27	27	27	27
1	12	36	0	6	18	0	1	12	16	17
1	12	36	0	6	0.08733	0.07767	0.299	0.13833	0.09267	0.305
1	13	37	0	6	11	27	27	27	27	27
1	13	37	0	6	18	0	1	12	16	17
1	13	37	0	6	0.147274418232547	0.0149904497134914	0.230836925107753	0.151954558636759	0.0240607218216547	0.430882926487795
1	13	38	0	6	11	27	27	27	27	27
1	13	38	0	6	18	0	1	12	16	17
1	13	38	0	6	0.109084545772711	0.0262586870656467	0.15799210039498	0.233208339583021	0.0137693115344233	0.459687015649217
1	13	39	0	4	11	27	27	27
1	13	39	0	4	18	1	12	17
1	13	39	0	4	0.125140686550366	0.133310555510893	0.194539352037945	0.547009405900796
1	14	40	0	4	11	27	27	27
1	14	40	0	4	18	1	12	17
1	14	40	0	4	0.0896688304543954	0.11278368457376	0.495354024345112	0.302193460626732
1	14	41	0	4	11	27	27	27
1	14	41	0	4	18	1	12	17
1	14	41	0	4	0.103217225205764	0.0481633714360005	0.505655395877711	0.342964007480524
1	14	42	0	4	11	27	27	27
1	14	42	0	4	18	1	12	17
1	14	42	0	4	0.11657	0.05667	0.5412	0.28556
1	15	43	0	3	11	27	27
1	15	43	0	3	18	12	17
1	15	43	0	3	0.141803526448363	0.72463476070529	0.133561712846348
1	15	44	0	4	11	27	27	27
1	15	44	0	4	18	1	12	17
1	15	44	0	4	0.166333326666533	0.0165703314066281	0.727044540890818	0.0900518010360207
1	15	45	0	3	11	27	27
1	15	45	0	3	18	12	17
1	15	45	0	3	0.162170863978911	0.781193089778547	0.0566360462425419
1	16	46	0	4	11	27	27	27
1	16	46	0	4	18	12	16	17
1	16	46	0	4	0.320146765185838	0.590375122895572	0.0649496761638337	0.0245284357547562
1	16	47	0	6	11	27	27	27	27	27
1	16	47	0	6	18	0	1	12	16	17
1	16	47	0	6	0.412875871241288	0.021959780402196	0.0792292077079229	0.361166388336117	0.0641393586064139	0.0606293937060629
1	16	48	0	6	11	27	27	27	27	27
1	16	48	0	6	18	0	1	12	16	17
1	16	48	0	6	0.462286982958637	0.0424233938715097	0.142591407312585	0.215097207776622	0.0456736538923114	0.0919273541883351
1	17	49	0	4	11	27	27	27
1	17	49	0	4	18	1	12	17
1	17	49	0	4	0.078629598427408	0.18662494483893	0.24691098006178	0.487834476671882
1	17	50	0	4	11	27	27	27
1	17	50	0	4	18	1	12	17
1	17	50	0	4	0.07839	0.17314	0.37214	0.37633
1	17	51	0	4	11	27	27	27
1	17	51	0	4	18	1	12	17
1	17	51	0	4	0.1215	0.1355	0.2665	0.4765
1	18	52	0	6	11	27	27	27	27	27
1	18	52	0	6	18	0	1	12	16	17
1	18	52	0	6	0.0769453832770034	0.0393976361418315	0.106893586384817	0.416804991700498	0.0948143111413315	0.265144091354519
1	18	53	0	6	11	27	27	27	27	27
1	18	53	0	6	18	0	1	12	16	17
1	18	53	0	6	0.114423134611923	0.0451472911625303	0.209457432554047	0.197378157310561	0.104003759774414	0.329590224586525
1	18	54	0	6	11	27	27	27	27	27
1	18	54	0	6	18	0	1	12	16	17
1	18	54	0	6	0.220779220779221	0.0308329084310609	0.270847705027844	0.130969876928307	0.105705687691831	0.240864601141737
1	19	55	0	6	11	27	27	27	27	27
1	19	55	0	6	18	0	1	12	16	17
1	19	55	0	6	0.170051497425129	0.0151992400379981	0.104684765761712	0.503444827758612	0.0655767211639418	0.141042947852607
1	19	56	0	6	11	27	27	27	27	27
1	19	56	0	6	18	0	1	12	16	17
1	19	56	0	6	0.38350383503835	0.118821188211882	0.0680906809068091	0.253692536925369	0.0915109151091511	0.0843808438084381
1	19	57	0	6	11	27	27	27	27	27
1	19	57	0	6	18	0	1	12	16	17
1	19	57	0	6	0.3521	0.15133	0.05278	0.27289	0.07029	0.10061
1	20	58	0	4	11	27	27	27
1	20	58	0	4	18	12	16	17
1	20	58	0	4	0.0689558289349576	0.840063015513055	0.0158542214373156	0.0751269341146722
1	20	59	0	5	11	27	27	27	27
1	20	59	0	5	18	1	12	16	17
1	20	59	0	5	0.109925765201057	0.0130187144019528	0.772674763181951	0.0292720167957488	0.075108740419291
1	20	60	0	6	11	27	27	27	27	27
1	20	60	0	6	18	0	1	12	16	17
1	20	60	0	6	0.127477450450991	0.0126197476050479	0.0269594608107838	0.727745445091098	0.0465990680186396	0.0585988280234395
1	21	61	0	7	11	27	27	27	27	27	27
1	21	61	0	7	18	0	1	3	12	17	18
1	21	61	0	7	0.534532511537649	0.0297917693073388	0.047005238444755	0.037604190755804	0.307449450516304	0.0277104678403732	0.0159063715977759
1	21	62	0	6	11	27	27	27	27	27
1	21	62	0	6	18	0	1	3	12	17
1	21	62	0	6	0.554326220996268	0.0607151549570015	0.0372282167775434	0.0791720752880091	0.243387960408892	0.0251703715722862
1	21	63	0	6	11	27	27	27	27	27
1	21	63	0	6	18	0	1	3	12	17
1	21	63	0	6	0.497467328538142	0.076871644210313	0.0420220848951474	0.0919258433795968	0.280944179920981	0.0107689190558201
1	22	64	0	7	11	27	27	27	27	27	27
1	22	64	0	7	18	0	1	12	16	17	18
1	22	64	0	7	0.4971274794388	0.0121250604741171	0.0731837606837607	0.337768101919045	0.0129918561522335	0.0449322689888728	0.0218714723431705
1	22	65	0	6	11	27	27	27	27	27
1	22	65	0	6	18	0	1	12	16	17
1	22	65	0	6	0.688081319431889	0.0500311376283172	0.0182908455372748	0.22332710580767	0.0102151509672754	0.0100544406275739
1	22	66	0	4	11	27	27	27
1	22	66	0	4	18	0	12	16
1	22	66	0	4	0.687141842765849	0.050764568811193	0.249442449820484	0.0126511386024742
1	23	67	0	6	11	27	27	27	27	27
1	23	67	0	6	18	0	1	12	16	17
1	23	67	0	6	0.180226220359832	0.059045314078267	0.128391555239972	0.442279805182466	0.120060805472493	0.06999629966697
1	23	68	0	6	11	27	27	27	27	27
1	23	68	0	6	18	0	1	12	16	17
1	23	68	0	6	0.343241946127542	0.0846281520587118	0.30471733957246	0.165386845841582	0.0431039654448377	0.0589217509548663
1	23	69	0	6	11	27	27	27	27	27
1	23	69	0	6	18	0	1	12	16	17
1	23	69	0	6	0.517284481465556	0.0351189464316071	0.255102346929592	0.154275371738848	0.0167694969150925	0.0214493565193044
1	24	70	0	4	11	27	27	27
1	24	70	0	4	18	1	12	17
1	24	70	0	4	0.055820471202605	0.0695613601766254	0.471908299980845	0.402709868639924
1	24	71	0	6	11	27	27	27	27	27
1	24	71	0	6	18	0	1	12	16	17
1	24	71	0	6	0.0799623988719662	0.0274508235247057	0.148114443433303	0.297768933067992	0.0470014100423013	0.399701991059732
1	24	72	0	6	11	27	27	27	27	27
1	24	72	0	6	18	0	1	12	16	17
1	24	72	0	6	0.0940909409094091	0.0980909809098091	0.232132321323213	0.136091360913609	0.158941589415894	0.280652806528065
1	25	73	0	6	11	27	27	27	27	27
1	25	73	0	6	18	0	1	12	16	17
1	25	73	0	6	0.265798605902413	0.0165511585811007	0.0362625383776864	0.585470982968808	0.0368825817807247	0.0590341323892672
1	25	74	0	6	11	27	27	27	27	27
1	25	74	0	6	18	0	1	12	16	17
1	25	74	0	6	0.415442463273898	0.0686620598617959	0.0527515825474764	0.359620788623659	0.0560716821504645	0.0474514235427063
1	25	75	0	6	11	27	27	27	27	27
1	25	75	0	6	18	0	1	12	16	17
1	25	75	0	6	0.380116198838012	0.154628453715463	0.0576094239057609	0.289587104128959	0.0960490395096049	0.022009779902201
1	26	76	0	4	11	27	27	27
1	26	76	0	4	18	12	16	17
1	26	76	0	4	0.031524793304898	0.550597343791061	0.0261982251511047	0.391679637752936
1	26	77	0	5	11	27	27	27	27
1	26	77	0	5	18	1	12	16	17
1	26	77	0	5	0.0480619532136723	0.0166433973824566	0.482156309324119	0.0207615584728653	0.432376781606886
1	26	78	0	6	11	27	27	27	27	27
1	26	78	0	6	18	0	1	12	16	17
1	26	78	0	6	0.0288582685038898	0.0160890346579205	0.0597064176149431	0.324660520368778	0.0544267343959362	0.516259024458533
1	27	79	0	6	11	27	27	27	27	27
1	27	79	0	6	18	0	1	12	16	17
1	27	79	0	6	0.547859953424877	0.061210150164619	0.0479101421344254	0.257578495141733	0.0511623705131294	0.0342788886212158
1	27	80	0	7	11	27	27	27	27	27	27
1	27	80	0	7	18	0	1	3	12	16	17
1	27	80	0	7	0.602188131046746	0.137295678993741	0.0603393712890684	0.012106051016205	0.149924148808986	0.0258798235831902	0.0122667952620634
1	27	81	0	7	11	27	27	27	27	27	27
1	27	81	0	7	18	0	1	3	12	16	17
1	27	81	0	7	0.587361454750266	0.176100818699334	0.0289059199806892	0.0185363989298574	0.158992617625168	0.0141009393921107	0.0160018506225736
1	28	82	0	6	11	27	27	27	27	27
1	28	82	0	6	18	0	1	12	16	17
1	28	82	0	6	0.316123161231612	0.012660126601266	0.020890208902089	0.561885618856189	0.035840358403584	0.0526005260052601
1	28	83	0	5	11	27	27	27	27
1	28	83	0	5	18	0	12	16	17
1	28	83	0	5	0.511074840285983	0.0701640197865139	0.333847355456311	0.0571666032483528	0.0277471812228386
1	28	84	0	6	11	27	27	27	27	27
1	28	84	0	6	18	0	1	12	16	17
1	28	84	0	6	0.465128138467538	0.10969012788849	0.0277775000249978	0.29764321211091	0.0887320141187293	0.011029007389335
1	29	85	0	7	11	27	27	27	27	27	27
1	29	85	0	7	18	0	1	12	16	17	18
1	29	85	0	7	0.363366881978869	0.0238946472384958	0.0372940764107957	0.444103950728556	0.0271593811025988	0.0825997696660157	0.0215812928746683
1	29	86	0	7	11	27	27	27	27	27	27
1	29	86	0	7	18	0	1	3	12	16	17
1	29	86	0	7	0.412862735601566	0.0424890018969205	0.0598841667675667	0.0121685434071922	0.377063405577754	0.0343766396254591	0.061155507123542
1	29	87	0	8	11	27	27	27	27	27	27	27
1	29	87	0	8	18	0	1	3	12	16	17	18
1	29	87	0	8	0.428297035843979	0.0506397495023059	0.0763897920188874	0.0257600464181031	0.312141735276758	0.0348435889997099	0.0610838226908494	0.0108442292494073
1	30	88	0	7	11	27	27	27	27	27	27
1	30	88	0	7	18	0	1	3	12	16	17
1	30	88	0	7	0.376724172598223	0.0790505489202558	0.0339506172839506	0.011752523424619	0.408945590541682	0.0375397112639241	0.0520368359673463
1	30	89	0	7	11	27	27	27	27	27	27
1	30	89	0	7	18	0	1	3	12	16	17
1	30	89	0	7	0.485209846650525	0.0625504439063761	0.0197033898305085	0.0199757869249395	0.362883373688458	0.0255347054075868	0.0241424535916061
1	30	90	0	5	11	27	27	27	27
1	30	90	0	5	18	0	3	12	16
1	30	90	0	5	0.52278429372769	0.0533095359510454	0.0411932687404386	0.34646608873024	0.0362468128505864
1	31	91	0	5	11	27	27	27	27
1	31	91	0	5	18	0	1	12	17
1	31	91	0	5	0.363369610000703	0.027996342186448	0.0535809391737763	0.483544863485173	0.0715082451538995
1	31	92	0	6	11	27	27	27	27	27
1	31	92	0	6	18	0	1	12	16	17
1	31	92	0	6	0.383896600281633	0.0407262120297727	0.0515087507543754	0.463106014886341	0.0109736471534902	0.0497887748943875
1	31	93	0	6	11	27	27	27	27	27
1	31	93	0	6	18	0	1	12	16	17
1	31	93	0	6	0.501787481569752	0.0492516814445275	0.0421724465270344	0.359738239987074	0.0200864454363677	0.0269637050352447
1	32	94	0	3	11	27	27
1	32	94	0	3	18	12	17
1	32	94	0	3	0.327954347150207	0.654424374931049	0.0176212779187435
1	32	95	0	2	11	27
1	32	95	0	2	18	12
1	32	95	0	2	0.318859166972029	0.681140833027971
1	32	96	0	3	11	27	27
1	32	96	0	3	18	12	17
1	32	96	0	3	0.213667863321367	0.769662303376966	0.016669833301667
1	33	97	0	4	11	27	27	27
1	33	97	0	4	18	1	12	17
1	33	97	0	4	0.0994300569943006	0.0107989201079892	0.836616338366163	0.0531546845315468
1	33	98	0	4	11	27	27	27
1	33	98	0	4	18	1	12	17
1	33	98	0	4	0.170280216813009	0.0133808028481709	0.775436526191571	0.0409024541472488
1	33	99	0	4	11	27	27	27
1	33	99	0	4	18	1	12	17
1	33	99	0	4	0.22751	0.01392	0.70274	0.05583
1	34	100	0	6	11	27	27	27	27	27
1	34	100	0	6	18	0	1	12	16	17
1	34	100	0	6	0.339183918391839	0.0400640064006401	0.069016901690169	0.298599859985999	0.0794579457945795	0.173677367736774
1	34	101	0	6	11	27	27	27	27	27
1	34	101	0	6	18	0	1	12	16	17
1	34	101	0	6	0.318102706703743	0.119551083281653	0.0691179706723748	0.344499569888171	0.0749194790645568	0.0738091903895013
1	34	102	0	6	11	27	27	27	27	27
1	34	102	0	6	18	0	1	12	16	17
1	34	102	0	6	0.30668920067602	0.198765962978889	0.188065641969259	0.163034891046731	0.0451513545406362	0.0982929487884637
1	35	103	0	6	11	27	27	27	27	27
1	35	103	0	6	18	0	1	12	16	17
1	35	103	0	6	0.374530037596992	0.0131489480841533	0.0165786737061035	0.447644188464923	0.105071594272458	0.04302655787537
1	35	104	0	6	11	27	27	27	27	27
1	35	104	0	6	18	0	1	12	16	17
1	35	104	0	6	0.26107522150443	0.0337706754135083	0.0825216504330086	0.462669253385068	0.137522750455009	0.0224404488089762
1	35	105	0	6	11	27	27	27	27	27
1	35	105	0	6	18	0	1	12	16	17
1	35	105	0	6	0.268282925268043	0.0607497199551928	0.102046327412386	0.437940070411266	0.0940650504080653	0.0369159065450472
1	36	106	0	3	11	27	27
1	36	106	0	3	18	12	17
1	36	106	0	3	0.225432128611145	0.732301865506265	0.0422660058825899
1	36	107	0	4	11	27	27	27
1	36	107	0	4	18	1	12	17
1	36	107	0	4	0.243254595275717	0.0458827529651779	0.588995339720383	0.121867312038722
1	36	108	0	3	11	27	27
1	36	108	0	3	18	12	17
1	36	108	0	3	0.200251889168766	0.513098236775819	0.286649874055416
1	37	109	0	3	11	27	27
1	37	109	0	3	18	12	17
1	37	109	0	3	0.205978070395033	0.725299153857708	0.0687227757472588
1	37	110	0	3	11	27	27
1	37	110	0	3	18	12	17
1	37	110	0	3	0.220389317169416	0.762728067855908	0.0168826149746761
1	37	111	0	2	11	27
1	37	111	0	2	18	12
1	37	111	0	2	0.360168502258539	0.639831497741461
1	38	112	0	5	11	27	27	27	27
1	38	112	0	5	18	0	12	16	17
1	38	112	0	5	0.0725714285714286	0.101573934837093	0.697203007518797	0.0476190476190476	0.0810325814536341
1	38	113	0	4	11	27	27	27
1	38	113	0	4	18	0	12	16
1	38	113	0	4	0.231811969934483	0.570903171349331	0.151352546324209	0.0459323123919772
1	38	114	0	5	11	27	27	27	27
1	38	114	0	5	18	0	1	12	16
1	38	114	0	5	0.176288237117629	0.651783482165178	0.014789852101479	0.019999800002	0.137138628613714
1	39	115	0	4	11	27	27	27
1	39	115	0	4	18	12	16	17
1	39	115	0	4	0.109971796937953	0.81272159548751	0.030469379532635	0.0468372280419017
1	39	116	0	6	11	27	27	27	27	27
1	39	116	0	6	18	0	1	12	16	17
1	39	116	0	6	0.145224191032359	0.0219591216351346	0.0124095036198552	0.680442782288708	0.062567497300108	0.077396904123835
1	39	117	0	6	11	27	27	27	27	27
1	39	117	0	6	18	0	1	12	16	17
1	39	117	0	6	0.109548904510955	0.0624993750062499	0.023149768502315	0.539284607153928	0.0679993200067999	0.197518024819752
1	40	118	0	3	11	27	27
1	40	118	0	3	18	12	17
1	40	118	0	3	0.124103817038491	0.826090439379982	0.0498057435815276
1	40	119	0	3	11	27	27
1	40	119	0	3	18	12	17
1	40	119	0	3	0.199637946464893	0.768306077617769	0.0320559759173379
1	40	120	0	4	11	27	27	27
1	40	120	0	4	18	12	16	17
1	40	120	0	4	0.192065611291245	0.744019595049038	0.0408263649778652	0.0230884286818515
1	41	121	0	7	11	27	27	27	27	27	27
1	41	121	0	7	18	0	1	3	12	16	17
1	41	121	0	7	0.423725419520205	0.0550983219191798	0.0482798670351236	0.0199046818054387	0.374634546838079	0.0268132484280508	0.0515439144539229
1	41	122	0	6	11	27	27	27	27	27
1	41	122	0	6	18	0	1	3	12	16
1	41	122	0	6	0.572771612355977	0.129992224499894	0.0419170142079593	0.0121984469195892	0.227700976481637	0.0154197255349443
1	41	123	0	4	11	27	27	27
1	41	123	0	4	18	0	12	16
1	41	123	0	4	0.577870214630314	0.120962462356603	0.251150704523251	0.0500166184898325
1	42	124	0	5	11	27	27	27	27
1	42	124	0	5	18	1	12	16	17
1	42	124	0	5	0.367911604419779	0.0749562521873906	0.417819109044548	0.0146992650367482	0.124613769311534
1	42	125	0	6	11	27	27	27	27	27
1	42	125	0	6	18	0	1	12	16	17
1	42	125	0	6	0.419743579486359	0.0177514201136091	0.0589947195775662	0.366269301544124	0.0310024801984159	0.106238499079926
1	42	126	0	6	11	27	27	27	27	27
1	42	126	0	6	18	0	1	12	16	17
1	42	126	0	6	0.379254473260454	0.0118720182431013	0.013642319194263	0.473910564796015	0.0466279267475471	0.074692697758619
1	43	127	0	6	11	27	27	27	27	27
1	43	127	0	6	18	0	1	12	16	17
1	43	127	0	6	0.400759924007599	0.058974102589741	0.113808619138086	0.302859714028597	0.053014698530147	0.0705829417058294
1	43	128	0	6	11	27	27	27	27	27
1	43	128	0	6	18	0	1	12	16	17
1	43	128	0	6	0.411539423028848	0.0924153792310384	0.103754812259387	0.278426078696065	0.0519574021298935	0.0619069046547673
1	43	129	0	6	11	27	27	27	27	27
1	43	129	0	6	18	0	1	12	16	17
1	43	129	0	6	0.401527953453074	0.129066531748039	0.106551985833544	0.239686314191753	0.0691525423728814	0.0540146724007083
1	44	130	0	3	11	27	27
1	44	130	0	3	18	1	12
1	44	130	0	3	0.60852924543545	0.0540071093876232	0.337463645176927
1	44	131	0	2	11	27
1	44	131	0	2	18	12
1	44	131	0	2	0.29759	0.70241
1	44	132	0	2	11	27
1	44	132	0	2	18	12
1	44	132	0	2	0.03525	0.96475
1	45	133	0	4	11	27	27	27
1	45	133	0	4	18	1	12	17
1	45	133	0	4	0.12328	0.14513	0.56105	0.17054
1	45	134	0	4	11	27	27	27
1	45	134	0	4	18	1	12	17
1	45	134	0	4	0.351811663049674	0.0481443329899691	0.438519466752008	0.161524537208349
1	45	135	0	4	11	27	27	27
1	45	135	0	4	18	1	12	17
1	45	135	0	4	0.640414998840504	0.0120789264072756	0.333249311864168	0.0142567628880532
1	46	136	0	4	11	27	27	27
1	46	136	0	4	18	1	12	17
1	46	136	0	4	0.128579286893034	0.113557033555033	0.39707956193429	0.360784117617643
1	46	137	0	4	11	27	27	27
1	46	137	0	4	18	1	12	17
1	46	137	0	4	0.138815552622105	0.155776231049242	0.335913436537461	0.369494779791192
1	46	138	0	5	11	27	27	27	27
1	46	138	0	5	18	1	12	16	17
1	46	138	0	5	0.0633321918498076	0.147583747960438	0.407418971456197	0.0235682775013597	0.358096811232198
1	47	139	0	4	11	27	27	27
1	47	139	0	4	18	1	12	17
1	47	139	0	4	0.0162775583662451	0.216317552367145	0.210758386242064	0.556646503024546
1	47	140	0	4	11	27	27	27
1	47	140	0	4	18	1	12	17
1	47	140	0	4	0.0202093937181885	0.226353209403718	0.251312460626181	0.502124936251912
1	47	141	0	4	11	27	27	27
1	47	141	0	4	18	1	12	17
1	47	141	0	4	0.0811843170978031	0.227244092913496	0.348255622106453	0.343315967882248
1	48	142	0	4	11	27	27	27
1	48	142	0	4	18	1	12	17
1	48	142	0	4	0.0965016646837101	0.093462242173987	0.377668243033824	0.432367850108479
1	48	143	0	4	11	27	27	27
1	48	143	0	4	18	1	12	17
1	48	143	0	4	0.07247782566523	0.153985380438587	0.496525104246873	0.27701168964931
1	48	144	0	4	11	27	27	27
1	48	144	0	4	18	1	12	17
1	48	144	0	4	0.0728403331100603	0.0705609485438932	0.574664840493067	0.28193387785298
1	49	145	0	5	11	27	27	27	27
1	49	145	0	5	18	0	1	12	16
1	49	145	0	5	0.308727474635304	0.174024531825753	0.0447832012518298	0.366664984099743	0.105799808187371
1	49	146	0	6	11	27	27	27	27	27
1	49	146	0	6	18	0	1	12	16	17
1	49	146	0	6	0.251645230332247	0.206708939251495	0.040435660992539	0.380373252255316	0.0843318064529034	0.0365051107155002
1	49	147	0	5	11	27	27	27	27
1	49	147	0	5	18	0	12	16	17
1	49	147	0	5	0.315414964069325	0.201312425773466	0.277199621570483	0.174590873407275	0.0314821151794521
1	50	148	0	4	11	27	27	27
1	50	148	0	4	18	1	12	17
1	50	148	0	4	0.172218157032166	0.096548820705071	0.579864278339665	0.151368743923098
1	50	149	0	6	11	27	27	27	27	27
1	50	149	0	6	18	0	1	12	16	17
1	50	149	0	6	0.035621068632059	0.341430242907287	0.263937918137544	0.0985729571887157	0.0951128533856016	0.165324959748792
1	50	150	0	4	27	27	27	27
1	50	150	0	4	0	1	16	17
1	50	150	0	4	0.569	0.026	0.218	0.187
1	51	151	0	4	11	27	27	27
1	51	151	0	4	18	1	12	17
1	51	151	0	4	0.291653332266581	0.0311124889991199	0.645861668933515	0.0313725098007841
1	51	152	0	6	11	27	27	27	27	27
1	51	152	0	6	18	0	1	12	16	17
1	51	152	0	6	0.0741726093435884	0.106958182891091	0.435524039086645	0.122920896552414	0.0198233699728954	0.240600902153366
1	51	153	0	5	27	27	27	27	27
1	51	153	0	5	0	1	12	16	17
1	51	153	0	5	0.258178037271055	0.333939854434936	0.020475085979365	0.0739822442613773	0.313424778053267
1	52	154	0	6	11	27	27	27	27	27
1	52	154	0	6	18	0	1	12	16	17
1	52	154	0	6	0.055547221138748	0.217118225369298	0.334213447748207	0.275705841759429	0.0284036924800224	0.0890115715042955
1	52	155	0	4	11	27	27	27
1	52	155	0	4	18	1	12	17
1	52	155	0	4	0.177761676176675	0.715655788022421	0.0464531191820387	0.060129416618865
1	52	156	0	3	11	27	27
1	52	156	0	3	18	1	17
1	52	156	0	3	0.0607703626065749	0.614224094491363	0.325005542902062
1	53	157	0	4	11	27	27	27
1	53	157	0	4	18	0	12	16
1	53	157	0	4	0.659587682567668	0.0301624827199327	0.234878688918719	0.075371145793681
1	53	158	0	6	11	27	27	27	27	27
1	53	158	0	6	18	0	1	12	16	17
1	53	158	0	6	0.469262069723964	0.147166151785089	0.190996070903692	0.0729432230586965	0.0363616368235306	0.0832708477050279
1	53	159	0	4	11	27	27	27
1	53	159	0	4	18	0	1	17
1	53	159	0	4	0.249	0.243	0.187	0.321
1	54	160	0	6	11	27	27	27	27	27
1	54	160	0	6	18	0	1	12	16	17
1	54	160	0	6	0.442782288708452	0.0212691492340306	0.0413983440662373	0.425942962281509	0.0289288428462861	0.0396784128634855
1	54	161	0	6	11	27	27	27	27	27
1	54	161	0	6	18	0	1	12	16	17
1	54	161	0	6	0.324017598240176	0.0655534446555344	0.0371762823717628	0.474892510748925	0.0566643335666433	0.0416958304169583
1	54	162	0	6	11	27	27	27	27	27
1	54	162	0	6	18	0	1	12	16	17
1	54	162	0	6	0.26191	0.0358	0.03534	0.55318	0.0641	0.04967
1	55	163	0	5	11	27	27	27	27
1	55	163	0	5	18	0	12	16	17
1	55	163	0	5	0.307076289990721	0.0963710816153629	0.388399160850446	0.136482833743495	0.0716706337999758
1	55	164	0	6	11	27	27	27	27	27
1	55	164	0	6	18	0	1	12	16	17
1	55	164	0	6	0.419659376156331	0.256477953456742	0.017431220185413	0.193463542447971	0.100317022191553	0.0126508855619893
1	55	165	0	6	11	27	27	27	27	27
1	55	165	0	6	18	0	1	12	16	17
1	55	165	0	6	0.199946014576064	0.558979075649575	0.0496465954192368	0.0546852349865536	0.0888460115768742	0.0478970677916962
1	56	166	0	3	11	27	27
1	56	166	0	3	18	12	16
1	56	166	0	3	0.441810820020445	0.540710377037022	0.0174788029425324
1	56	167	0	4	11	27	27	27
1	56	167	0	4	18	0	12	16
1	56	167	0	4	0.354346542875151	0.01549728372335	0.508468980420798	0.121687192980701
1	56	168	0	3	11	27	27
1	56	168	0	3	18	12	16
1	56	168	0	3	0.365336321523977	0.512441345085994	0.122222333390029
1	57	169	0	4	11	27	27	27
1	57	169	0	4	18	12	16	17
1	57	169	0	4	0.110670296638902	0.815853127814831	0.0154746121226229	0.0580019634236441
1	57	170	0	6	11	27	27	27	27	27
1	57	170	0	6	18	0	1	12	16	17
1	57	170	0	6	0.195698258104514	0.0473371597704138	0.0108693478391297	0.658920464772114	0.069225846449213	0.0179489230646161
1	57	171	0	4	11	27	27	27
1	57	171	0	4	18	0	12	16
1	57	171	0	4	0.238477891588937	0.0517744708120149	0.568135813896716	0.141611823702332
2	2	4	0	5	11	27	27	27	27
2	2	4	0	5	18	1	12	16	17
2	2	4	0	5	0.0415771476987321	0.0423134727307572	0.355322217851343	0.0292512683955175	0.53153589332365
2	2	5	0	6	11	27	27	27	27	27
2	2	5	0	6	18	0	1	12	16	17
2	2	5	0	6	0.0403232258580686	0.013651092087367	0.0145411632930634	0.434134730778462	0.0499639971197696	0.447385790863269
2	2	6	0	5	11	27	27	27	27
2	2	6	0	5	18	1	12	16	17
2	2	6	0	5	0.0463498601730422	0.0160725282935054	0.466456673834691	0.0462085188438279	0.424912418854933
2	3	7	0	3	11	27	27
2	3	7	0	3	18	12	17
2	3	7	0	3	0.103303596887857	0.794400993930506	0.102295409181637
2	3	8	0	5	11	27	27	27	27
2	3	8	0	5	18	1	12	16	17
2	3	8	0	5	0.133617397596173	0.0117076013988825	0.762672347951923	0.0104815693210596	0.0815210837319612
2	3	9	0	5	11	27	27	27	27
2	3	9	0	5	18	1	12	16	17
2	3	9	0	5	0.130055415617128	0.0142770780856423	0.746136020151134	0.0162518891687657	0.09327959697733
2	4	10	0	4	11	27	27	27
2	4	10	0	4	18	12	16	17
2	4	10	0	4	0.132621889947345	0.807427951284216	0.0135958036898589	0.0463543550785803
2	4	11	0	4	11	27	27	27
2	4	11	0	4	18	12	16	17
2	4	11	0	4	0.144983478673848	0.764841405373725	0.0271414569081374	0.0630336590442893
2	4	12	0	6	11	27	27	27	27	27
2	4	12	0	6	18	0	1	12	16	17
2	4	12	0	6	0.159066818663627	0.0144797104057919	0.0110997780044399	0.709035819283614	0.0347093058138837	0.0716085678286434
2	5	13	0	5	11	27	27	27	27
2	5	13	0	5	18	1	12	16	17
2	5	13	0	5	0.120473909755483	0.0683337534660953	0.445838164860096	0.0232417443912276	0.342112427527099
2	5	14	0	5	11	27	27	27	27
2	5	14	0	5	18	1	12	16	17
2	5	14	0	5	0.146093342429472	0.0925297965407922	0.345409125566837	0.0365183193547093	0.379449416108191
2	5	15	0	6	11	27	27	27	27	27
2	5	15	0	6	18	0	1	12	16	17
2	5	15	0	6	0.0937834351595388	0.0140690151689382	0.119261651684382	0.271191016628836	0.0247882648214625	0.476906616536842
2	6	16	0	4	11	27	27	27
2	6	16	0	4	18	1	12	17
2	6	16	0	4	0.098762460637423	0.0119241029343924	0.812694305714343	0.0766191307138416
2	6	17	0	5	11	27	27	27	27
2	6	17	0	5	18	1	12	16	17
2	6	17	0	5	0.19200274376097	0.010894345027942	0.729527709968326	0.0138297657715819	0.0537454354711804
2	6	18	0	6	11	27	27	27	27	27
2	6	18	0	6	18	0	1	12	16	17
2	6	18	0	6	0.252229910803568	0.0227090916363345	0.0219191232350706	0.594066237350506	0.0582176712931483	0.0508579656813727
2	7	19	0	5	11	27	27	27	27
2	7	19	0	5	18	1	12	16	17
2	7	19	0	5	0.0451050640045085	0.112118589485549	0.332108928427663	0.0538905885194429	0.456776829562837
2	7	20	0	6	11	27	27	27	27	27
2	7	20	0	6	18	0	1	12	16	17
2	7	20	0	6	0.0884773456796296	0.0106296811095667	0.14885553433397	0.26232213033609	0.0432387028389148	0.446476605701829
2	7	21	0	5	11	27	27	27	27
2	7	21	0	5	18	1	12	16	17
2	7	21	0	5	0.138648908087353	0.144388448924086	0.297436205103592	0.017498600111991	0.402027837772978
2	8	22	0	4	11	27	27	27
2	8	22	0	4	18	12	16	17
2	8	22	0	4	0.0774361281935903	0.858037098145093	0.0174191290435478	0.0471076446177691
2	8	23	0	5	11	27	27	27	27
2	8	23	0	5	18	1	12	16	17
2	8	23	0	5	0.184464562596909	0.0562396838893613	0.661641574551093	0.0184864702645926	0.0791677086980443
2	8	24	0	4	11	27	27	27
2	8	24	0	4	18	1	12	17
2	8	24	0	4	0.234727561844568	0.237354320565206	0.417181618727481	0.110736498862744
2	10	28	0	5	11	27	27	27	27
2	10	28	0	5	18	1	12	16	17
2	10	28	0	5	0.158537926896345	0.0421321066053303	0.697404870243512	0.0119505975298765	0.0899744987249362
2	10	29	0	6	11	27	27	27	27	27
2	10	29	0	6	18	0	1	12	16	17
2	10	29	0	6	0.240292402924029	0.044850448504485	0.046060460604606	0.525035250352504	0.0587805878058781	0.0849808498084981
2	10	30	0	6	11	27	27	27	27	27
2	10	30	0	6	18	0	1	12	16	17
2	10	30	0	6	0.276714274283885	0.0933449351896303	0.0641802688430149	0.408735397663626	0.103016482637222	0.0540086413826212
2	11	31	0	6	11	27	27	27	27	27
2	11	31	0	6	18	0	1	12	16	17
2	11	31	0	6	0.0820516410328207	0.0309506190123802	0.0472209444188884	0.551891037820756	0.0580411608232165	0.229844596891938
2	11	32	0	6	11	27	27	27	27	27
2	11	32	0	6	18	0	1	12	16	17
2	11	32	0	6	0.0747210334759829	0.0579830420349558	0.124395072591289	0.398362196536416	0.0911190657121146	0.253419589649242
2	11	33	0	6	11	27	27	27	27	27
2	11	33	0	6	18	0	1	12	16	17
2	11	33	0	6	0.0730785384292314	0.0142797144057119	0.590418191636167	0.0854282914341713	0.0241995160096798	0.212595748085038
2	12	34	0	6	11	27	27	27	27	27
2	12	34	0	6	18	0	1	12	16	17
2	12	34	0	6	0.127288544031037	0.0321771040606345	0.250167484926357	0.282514573688368	0.0458458738713516	0.262006419422252
2	12	35	0	6	11	27	27	27	27	27
2	12	35	0	6	18	0	1	12	16	17
2	12	35	0	6	0.14847960642755	0.0400671952963293	0.225304228703991	0.236843420960533	0.0628855980081394	0.286419950603458
2	12	36	0	6	11	27	27	27	27	27
2	12	36	0	6	18	0	1	12	16	17
2	12	36	0	6	0.08733	0.07767	0.299	0.13833	0.09267	0.305
2	16	46	0	4	11	27	27	27
2	16	46	0	4	18	12	16	17
2	16	46	0	4	0.320146765185838	0.590375122895572	0.0649496761638337	0.0245284357547562
2	16	47	0	6	11	27	27	27	27	27
2	16	47	0	6	18	0	1	12	16	17
2	16	47	0	6	0.412875871241288	0.021959780402196	0.0792292077079229	0.361166388336117	0.0641393586064139	0.0606293937060629
2	16	48	0	6	11	27	27	27	27	27
2	16	48	0	6	18	0	1	12	16	17
2	16	48	0	6	0.462286982958637	0.0424233938715097	0.142591407312585	0.215097207776622	0.0456736538923114	0.0919273541883351
2	18	52	0	6	11	27	27	27	27	27
2	18	52	0	6	18	0	1	12	16	17
2	18	52	0	6	0.0769453832770034	0.0393976361418315	0.106893586384817	0.416804991700498	0.0948143111413315	0.265144091354519
2	18	53	0	6	11	27	27	27	27	27
2	18	53	0	6	18	0	1	12	16	17
2	18	53	0	6	0.114423134611923	0.0451472911625303	0.209457432554047	0.197378157310561	0.104003759774414	0.329590224586525
2	18	54	0	6	11	27	27	27	27	27
2	18	54	0	6	18	0	1	12	16	17
2	18	54	0	6	0.220779220779221	0.0308329084310609	0.270847705027844	0.130969876928307	0.105705687691831	0.240864601141737
2	19	55	0	6	11	27	27	27	27	27
2	19	55	0	6	18	0	1	12	16	17
2	19	55	0	6	0.170051497425129	0.0151992400379981	0.104684765761712	0.503444827758612	0.0655767211639418	0.141042947852607
2	19	56	0	6	11	27	27	27	27	27
2	19	56	0	6	18	0	1	12	16	17
2	19	56	0	6	0.38350383503835	0.118821188211882	0.0680906809068091	0.253692536925369	0.0915109151091511	0.0843808438084381
2	19	57	0	6	11	27	27	27	27	27
2	19	57	0	6	18	0	1	12	16	17
2	19	57	0	6	0.3521	0.15133	0.05278	0.27289	0.07029	0.10061
2	20	58	0	4	11	27	27	27
2	20	58	0	4	18	12	16	17
2	20	58	0	4	0.0689558289349576	0.840063015513055	0.0158542214373156	0.0751269341146722
2	20	59	0	5	11	27	27	27	27
2	20	59	0	5	18	1	12	16	17
2	20	59	0	5	0.109925765201057	0.0130187144019528	0.772674763181951	0.0292720167957488	0.075108740419291
2	20	60	0	6	11	27	27	27	27	27
2	20	60	0	6	18	0	1	12	16	17
2	20	60	0	6	0.127477450450991	0.0126197476050479	0.0269594608107838	0.727745445091098	0.0465990680186396	0.0585988280234395
2	21	61	0	7	11	27	27	27	27	27	27
2	21	61	0	7	18	0	1	3	12	17	18
2	21	61	0	7	0.534532511537649	0.0297917693073388	0.047005238444755	0.037604190755804	0.307449450516304	0.0277104678403732	0.0159063715977759
2	21	62	0	6	11	27	27	27	27	27
2	21	62	0	6	18	0	1	3	12	17
2	21	62	0	6	0.554326220996268	0.0607151549570015	0.0372282167775434	0.0791720752880091	0.243387960408892	0.0251703715722862
2	21	63	0	6	11	27	27	27	27	27
2	21	63	0	6	18	0	1	3	12	17
2	21	63	0	6	0.497467328538142	0.076871644210313	0.0420220848951474	0.0919258433795968	0.280944179920981	0.0107689190558201
2	22	64	0	7	11	27	27	27	27	27	27
2	22	64	0	7	18	0	1	12	16	17	18
2	22	64	0	7	0.4971274794388	0.0121250604741171	0.0731837606837607	0.337768101919045	0.0129918561522335	0.0449322689888728	0.0218714723431705
2	22	65	0	6	11	27	27	27	27	27
2	22	65	0	6	18	0	1	12	16	17
2	22	65	0	6	0.688081319431889	0.0500311376283172	0.0182908455372748	0.22332710580767	0.0102151509672754	0.0100544406275739
2	22	66	0	4	11	27	27	27
2	22	66	0	4	18	0	12	16
2	22	66	0	4	0.687141842765849	0.050764568811193	0.249442449820484	0.0126511386024742
2	23	67	0	6	11	27	27	27	27	27
2	23	67	0	6	18	0	1	12	16	17
2	23	67	0	6	0.180226220359832	0.059045314078267	0.128391555239972	0.442279805182466	0.120060805472493	0.06999629966697
2	23	68	0	6	11	27	27	27	27	27
2	23	68	0	6	18	0	1	12	16	17
2	23	68	0	6	0.343241946127542	0.0846281520587118	0.30471733957246	0.165386845841582	0.0431039654448377	0.0589217509548663
2	23	69	0	6	11	27	27	27	27	27
2	23	69	0	6	18	0	1	12	16	17
2	23	69	0	6	0.517284481465556	0.0351189464316071	0.255102346929592	0.154275371738848	0.0167694969150925	0.0214493565193044
2	24	70	0	4	11	27	27	27
2	24	70	0	4	18	1	12	17
2	24	70	0	4	0.055820471202605	0.0695613601766254	0.471908299980845	0.402709868639924
2	24	71	0	6	11	27	27	27	27	27
2	24	71	0	6	18	0	1	12	16	17
2	24	71	0	6	0.0799623988719662	0.0274508235247057	0.148114443433303	0.297768933067992	0.0470014100423013	0.399701991059732
2	24	72	0	6	11	27	27	27	27	27
2	24	72	0	6	18	0	1	12	16	17
2	24	72	0	6	0.0940909409094091	0.0980909809098091	0.232132321323213	0.136091360913609	0.158941589415894	0.280652806528065
2	25	73	0	6	11	27	27	27	27	27
2	25	73	0	6	18	0	1	12	16	17
2	25	73	0	6	0.265798605902413	0.0165511585811007	0.0362625383776864	0.585470982968808	0.0368825817807247	0.0590341323892672
2	25	74	0	6	11	27	27	27	27	27
2	25	74	0	6	18	0	1	12	16	17
2	25	74	0	6	0.415442463273898	0.0686620598617959	0.0527515825474764	0.359620788623659	0.0560716821504645	0.0474514235427063
2	25	75	0	6	11	27	27	27	27	27
2	25	75	0	6	18	0	1	12	16	17
2	25	75	0	6	0.380116198838012	0.154628453715463	0.0576094239057609	0.289587104128959	0.0960490395096049	0.022009779902201
2	27	79	0	6	11	27	27	27	27	27
2	27	79	0	6	18	0	1	12	16	17
2	27	79	0	6	0.547859953424877	0.061210150164619	0.0479101421344254	0.257578495141733	0.0511623705131294	0.0342788886212158
2	27	80	0	7	11	27	27	27	27	27	27
2	27	80	0	7	18	0	1	3	12	16	17
2	27	80	0	7	0.602188131046746	0.137295678993741	0.0603393712890684	0.012106051016205	0.149924148808986	0.0258798235831902	0.0122667952620634
2	27	81	0	7	11	27	27	27	27	27	27
2	27	81	0	7	18	0	1	3	12	16	17
2	27	81	0	7	0.587361454750266	0.176100818699334	0.0289059199806892	0.0185363989298574	0.158992617625168	0.0141009393921107	0.0160018506225736
2	28	82	0	6	11	27	27	27	27	27
2	28	82	0	6	18	0	1	12	16	17
2	28	82	0	6	0.316123161231612	0.012660126601266	0.020890208902089	0.561885618856189	0.035840358403584	0.0526005260052601
2	28	83	0	5	11	27	27	27	27
2	28	83	0	5	18	0	12	16	17
2	28	83	0	5	0.511074840285983	0.0701640197865139	0.333847355456311	0.0571666032483528	0.0277471812228386
2	28	84	0	6	11	27	27	27	27	27
2	28	84	0	6	18	0	1	12	16	17
2	28	84	0	6	0.465128138467538	0.10969012788849	0.0277775000249978	0.29764321211091	0.0887320141187293	0.011029007389335
2	29	85	0	7	11	27	27	27	27	27	27
2	29	85	0	7	18	0	1	12	16	17	18
2	29	85	0	7	0.363366881978869	0.0238946472384958	0.0372940764107957	0.444103950728556	0.0271593811025988	0.0825997696660157	0.0215812928746683
2	29	86	0	7	11	27	27	27	27	27	27
2	29	86	0	7	18	0	1	3	12	16	17
2	29	86	0	7	0.412862735601566	0.0424890018969205	0.0598841667675667	0.0121685434071922	0.377063405577754	0.0343766396254591	0.061155507123542
2	29	87	0	8	11	27	27	27	27	27	27	27
2	29	87	0	8	18	0	1	3	12	16	17	18
2	29	87	0	8	0.428297035843979	0.0506397495023059	0.0763897920188874	0.0257600464181031	0.312141735276758	0.0348435889997099	0.0610838226908494	0.0108442292494073
2	30	88	0	7	11	27	27	27	27	27	27
2	30	88	0	7	18	0	1	3	12	16	17
2	30	88	0	7	0.376724172598223	0.0790505489202558	0.0339506172839506	0.011752523424619	0.408945590541682	0.0375397112639241	0.0520368359673463
2	30	89	0	7	11	27	27	27	27	27	27
2	30	89	0	7	18	0	1	3	12	16	17
2	30	89	0	7	0.485209846650525	0.0625504439063761	0.0197033898305085	0.0199757869249395	0.362883373688458	0.0255347054075868	0.0241424535916061
2	30	90	0	5	11	27	27	27	27
2	30	90	0	5	18	0	3	12	16
2	30	90	0	5	0.52278429372769	0.0533095359510454	0.0411932687404386	0.34646608873024	0.0362468128505864
2	31	91	0	5	11	27	27	27	27
2	31	91	0	5	18	0	1	12	17
2	31	91	0	5	0.363369610000703	0.027996342186448	0.0535809391737763	0.483544863485173	0.0715082451538995
2	31	92	0	6	11	27	27	27	27	27
2	31	92	0	6	18	0	1	12	16	17
2	31	92	0	6	0.383896600281633	0.0407262120297727	0.0515087507543754	0.463106014886341	0.0109736471534902	0.0497887748943875
2	31	93	0	6	11	27	27	27	27	27
2	31	93	0	6	18	0	1	12	16	17
2	31	93	0	6	0.501787481569752	0.0492516814445275	0.0421724465270344	0.359738239987074	0.0200864454363677	0.0269637050352447
2	32	94	0	3	11	27	27
2	32	94	0	3	18	12	17
2	32	94	0	3	0.327954347150207	0.654424374931049	0.0176212779187435
2	32	95	0	2	11	27
2	32	95	0	2	18	12
2	32	95	0	2	0.318859166972029	0.681140833027971
2	32	96	0	3	11	27	27
2	32	96	0	3	18	12	17
2	32	96	0	3	0.213667863321367	0.769662303376966	0.016669833301667
2	33	97	0	4	11	27	27	27
2	33	97	0	4	18	1	12	17
2	33	97	0	4	0.0994300569943006	0.0107989201079892	0.836616338366163	0.0531546845315468
2	33	98	0	4	11	27	27	27
2	33	98	0	4	18	1	12	17
2	33	98	0	4	0.170280216813009	0.0133808028481709	0.775436526191571	0.0409024541472488
2	33	99	0	4	11	27	27	27
2	33	99	0	4	18	1	12	17
2	33	99	0	4	0.22751	0.01392	0.70274	0.05583
